116

1 1

48

0 0 1 0 
0 1 0 0 
1 0 0 0 
0 0 0 -1 

0 0 1 0 
0 1 0 0 
-1 0 0 0 
0 0 0 1 

0 0 1 0 
0 -1 0 0 
1 0 0 0 
0 0 0 1 

0 0 1 0 
0 -1 0 0 
-1 0 0 0 
0 0 0 -1 

0 0 1 0 
1 0 0 0 
0 1 0 0 
0 0 0 1 

0 0 1 0 
1 0 0 0 
0 -1 0 0 
0 0 0 -1 

0 0 1 0 
-1 0 0 0 
0 1 0 0 
0 0 0 -1 

0 0 1 0 
-1 0 0 0 
0 -1 0 0 
0 0 0 1 

0 0 -1 0 
0 1 0 0 
1 0 0 0 
0 0 0 1 

0 0 -1 0 
0 1 0 0 
-1 0 0 0 
0 0 0 -1 

0 0 -1 0 
0 -1 0 0 
1 0 0 0 
0 0 0 -1 

0 0 -1 0 
0 -1 0 0 
-1 0 0 0 
0 0 0 1 

0 0 -1 0 
1 0 0 0 
0 1 0 0 
0 0 0 -1 

0 0 -1 0 
1 0 0 0 
0 -1 0 0 
0 0 0 1 

0 0 -1 0 
-1 0 0 0 
0 1 0 0 
0 0 0 1 

0 0 -1 0 
-1 0 0 0 
0 -1 0 0 
0 0 0 -1 

0 1 0 0 
0 0 1 0 
1 0 0 0 
0 0 0 1 

0 1 0 0 
0 0 1 0 
-1 0 0 0 
0 0 0 -1 

0 1 0 0 
0 0 -1 0 
1 0 0 0 
0 0 0 -1 

0 1 0 0 
0 0 -1 0 
-1 0 0 0 
0 0 0 1 

0 1 0 0 
1 0 0 0 
0 0 1 0 
0 0 0 -1 

0 1 0 0 
1 0 0 0 
0 0 -1 0 
0 0 0 1 

0 1 0 0 
-1 0 0 0 
0 0 1 0 
0 0 0 1 

0 1 0 0 
-1 0 0 0 
0 0 -1 0 
0 0 0 -1 

0 -1 0 0 
0 0 1 0 
1 0 0 0 
0 0 0 -1 

0 -1 0 0 
0 0 1 0 
-1 0 0 0 
0 0 0 1 

0 -1 0 0 
0 0 -1 0 
1 0 0 0 
0 0 0 1 

0 -1 0 0 
0 0 -1 0 
-1 0 0 0 
0 0 0 -1 

0 -1 0 0 
1 0 0 0 
0 0 1 0 
0 0 0 1 

0 -1 0 0 
1 0 0 0 
0 0 -1 0 
0 0 0 -1 

0 -1 0 0 
-1 0 0 0 
0 0 1 0 
0 0 0 -1 

0 -1 0 0 
-1 0 0 0 
0 0 -1 0 
0 0 0 1 

1 0 0 0 
0 0 1 0 
0 1 0 0 
0 0 0 -1 

1 0 0 0 
0 0 1 0 
0 -1 0 0 
0 0 0 1 

1 0 0 0 
0 0 -1 0 
0 1 0 0 
0 0 0 1 

1 0 0 0 
0 0 -1 0 
0 -1 0 0 
0 0 0 -1 

1 0 0 0 
0 1 0 0 
0 0 1 0 
0 0 0 1 

1 0 0 0 
0 1 0 0 
0 0 -1 0 
0 0 0 -1 

1 0 0 0 
0 -1 0 0 
0 0 1 0 
0 0 0 -1 

1 0 0 0 
0 -1 0 0 
0 0 -1 0 
0 0 0 1 

-1 0 0 0 
0 0 1 0 
0 1 0 0 
0 0 0 1 

-1 0 0 0 
0 0 1 0 
0 -1 0 0 
0 0 0 -1 

-1 0 0 0 
0 0 -1 0 
0 1 0 0 
0 0 0 -1 

-1 0 0 0 
0 0 -1 0 
0 -1 0 0 
0 0 0 1 

-1 0 0 0 
0 1 0 0 
0 0 1 0 
0 0 0 -1 

-1 0 0 0 
0 1 0 0 
0 0 -1 0 
0 0 0 1 

-1 0 0 0 
0 -1 0 0 
0 0 1 0 
0 0 0 1 

-1 0 0 0 
0 -1 0 0 
0 0 -1 0 
0 0 0 -1 


1 2

48

0 1 0 0 
0 0 1 0 
1 0 0 0 
0 0 0 1 

0 1 0 0 
0 0 1 0 
-1 0 0 0 
0 0 0 -1 

0 -1 0 0 
0 0 1 0 
1 0 0 0 
0 0 0 -1 

0 -1 0 0 
0 0 1 0 
-1 0 0 0 
0 0 0 1 

1 0 0 0 
0 0 1 0 
0 1 0 0 
0 0 0 -1 

1 0 0 0 
0 0 1 0 
0 -1 0 0 
0 0 0 1 

-1 0 0 0 
0 0 1 0 
0 1 0 0 
0 0 0 1 

-1 0 0 0 
0 0 1 0 
0 -1 0 0 
0 0 0 -1 

0 1 0 0 
0 0 -1 0 
1 0 0 0 
0 0 0 -1 

0 1 0 0 
0 0 -1 0 
-1 0 0 0 
0 0 0 1 

0 -1 0 0 
0 0 -1 0 
1 0 0 0 
0 0 0 1 

0 -1 0 0 
0 0 -1 0 
-1 0 0 0 
0 0 0 -1 

1 0 0 0 
0 0 -1 0 
0 1 0 0 
0 0 0 1 

1 0 0 0 
0 0 -1 0 
0 -1 0 0 
0 0 0 -1 

-1 0 0 0 
0 0 -1 0 
0 1 0 0 
0 0 0 -1 

-1 0 0 0 
0 0 -1 0 
0 -1 0 0 
0 0 0 1 

0 0 1 0 
0 1 0 0 
1 0 0 0 
0 0 0 -1 

0 0 1 0 
0 1 0 0 
-1 0 0 0 
0 0 0 1 

0 0 -1 0 
0 1 0 0 
1 0 0 0 
0 0 0 1 

0 0 -1 0 
0 1 0 0 
-1 0 0 0 
0 0 0 -1 

1 0 0 0 
0 1 0 0 
0 0 1 0 
0 0 0 1 

1 0 0 0 
0 1 0 0 
0 0 -1 0 
0 0 0 -1 

-1 0 0 0 
0 1 0 0 
0 0 1 0 
0 0 0 -1 

-1 0 0 0 
0 1 0 0 
0 0 -1 0 
0 0 0 1 

0 0 1 0 
0 -1 0 0 
1 0 0 0 
0 0 0 1 

0 0 1 0 
0 -1 0 0 
-1 0 0 0 
0 0 0 -1 

0 0 -1 0 
0 -1 0 0 
1 0 0 0 
0 0 0 -1 

0 0 -1 0 
0 -1 0 0 
-1 0 0 0 
0 0 0 1 

1 0 0 0 
0 -1 0 0 
0 0 1 0 
0 0 0 -1 

1 0 0 0 
0 -1 0 0 
0 0 -1 0 
0 0 0 1 

-1 0 0 0 
0 -1 0 0 
0 0 1 0 
0 0 0 1 

-1 0 0 0 
0 -1 0 0 
0 0 -1 0 
0 0 0 -1 

0 0 1 0 
1 0 0 0 
0 1 0 0 
0 0 0 1 

0 0 1 0 
1 0 0 0 
0 -1 0 0 
0 0 0 -1 

0 0 -1 0 
1 0 0 0 
0 1 0 0 
0 0 0 -1 

0 0 -1 0 
1 0 0 0 
0 -1 0 0 
0 0 0 1 

0 1 0 0 
1 0 0 0 
0 0 1 0 
0 0 0 -1 

0 1 0 0 
1 0 0 0 
0 0 -1 0 
0 0 0 1 

0 -1 0 0 
1 0 0 0 
0 0 1 0 
0 0 0 1 

0 -1 0 0 
1 0 0 0 
0 0 -1 0 
0 0 0 -1 

0 0 1 0 
-1 0 0 0 
0 1 0 0 
0 0 0 -1 

0 0 1 0 
-1 0 0 0 
0 -1 0 0 
0 0 0 1 

0 0 -1 0 
-1 0 0 0 
0 1 0 0 
0 0 0 1 

0 0 -1 0 
-1 0 0 0 
0 -1 0 0 
0 0 0 -1 

0 1 0 0 
-1 0 0 0 
0 0 1 0 
0 0 0 1 

0 1 0 0 
-1 0 0 0 
0 0 -1 0 
0 0 0 -1 

0 -1 0 0 
-1 0 0 0 
0 0 1 0 
0 0 0 -1 

0 -1 0 0 
-1 0 0 0 
0 0 -1 0 
0 0 0 1 


1 3

48

-1 0 0 0 
0 0 1 0 
0 1 0 0 
0 0 0 1 

1 0 0 0 
0 0 1 0 
0 1 0 0 
0 0 0 -1 

-1 0 0 0 
0 0 1 0 
0 -1 0 0 
0 0 0 -1 

1 0 0 0 
0 0 1 0 
0 -1 0 0 
0 0 0 1 

0 -1 0 0 
0 0 1 0 
1 0 0 0 
0 0 0 -1 

0 1 0 0 
0 0 1 0 
1 0 0 0 
0 0 0 1 

0 -1 0 0 
0 0 1 0 
-1 0 0 0 
0 0 0 1 

0 1 0 0 
0 0 1 0 
-1 0 0 0 
0 0 0 -1 

-1 0 0 0 
0 0 -1 0 
0 1 0 0 
0 0 0 -1 

1 0 0 0 
0 0 -1 0 
0 1 0 0 
0 0 0 1 

-1 0 0 0 
0 0 -1 0 
0 -1 0 0 
0 0 0 1 

1 0 0 0 
0 0 -1 0 
0 -1 0 0 
0 0 0 -1 

0 -1 0 0 
0 0 -1 0 
1 0 0 0 
0 0 0 1 

0 1 0 0 
0 0 -1 0 
1 0 0 0 
0 0 0 -1 

0 -1 0 0 
0 0 -1 0 
-1 0 0 0 
0 0 0 -1 

0 1 0 0 
0 0 -1 0 
-1 0 0 0 
0 0 0 1 

1 0 0 0 
0 1 0 0 
0 0 1 0 
0 0 0 1 

-1 0 0 0 
0 1 0 0 
0 0 1 0 
0 0 0 -1 

-1 0 0 0 
0 1 0 0 
0 0 -1 0 
0 0 0 1 

1 0 0 0 
0 1 0 0 
0 0 -1 0 
0 0 0 -1 

0 0 1 0 
0 1 0 0 
1 0 0 0 
0 0 0 -1 

0 0 -1 0 
0 1 0 0 
1 0 0 0 
0 0 0 1 

0 0 -1 0 
0 1 0 0 
-1 0 0 0 
0 0 0 -1 

0 0 1 0 
0 1 0 0 
-1 0 0 0 
0 0 0 1 

1 0 0 0 
0 -1 0 0 
0 0 1 0 
0 0 0 -1 

-1 0 0 0 
0 -1 0 0 
0 0 1 0 
0 0 0 1 

-1 0 0 0 
0 -1 0 0 
0 0 -1 0 
0 0 0 -1 

1 0 0 0 
0 -1 0 0 
0 0 -1 0 
0 0 0 1 

0 0 1 0 
0 -1 0 0 
1 0 0 0 
0 0 0 1 

0 0 -1 0 
0 -1 0 0 
1 0 0 0 
0 0 0 -1 

0 0 -1 0 
0 -1 0 0 
-1 0 0 0 
0 0 0 1 

0 0 1 0 
0 -1 0 0 
-1 0 0 0 
0 0 0 -1 

0 1 0 0 
1 0 0 0 
0 0 1 0 
0 0 0 -1 

0 -1 0 0 
1 0 0 0 
0 0 1 0 
0 0 0 1 

0 -1 0 0 
1 0 0 0 
0 0 -1 0 
0 0 0 -1 

0 1 0 0 
1 0 0 0 
0 0 -1 0 
0 0 0 1 

0 0 1 0 
1 0 0 0 
0 1 0 0 
0 0 0 1 

0 0 -1 0 
1 0 0 0 
0 1 0 0 
0 0 0 -1 

0 0 -1 0 
1 0 0 0 
0 -1 0 0 
0 0 0 1 

0 0 1 0 
1 0 0 0 
0 -1 0 0 
0 0 0 -1 

0 1 0 0 
-1 0 0 0 
0 0 1 0 
0 0 0 1 

0 -1 0 0 
-1 0 0 0 
0 0 1 0 
0 0 0 -1 

0 -1 0 0 
-1 0 0 0 
0 0 -1 0 
0 0 0 1 

0 1 0 0 
-1 0 0 0 
0 0 -1 0 
0 0 0 -1 

0 0 1 0 
-1 0 0 0 
0 1 0 0 
0 0 0 -1 

0 0 -1 0 
-1 0 0 0 
0 1 0 0 
0 0 0 1 

0 0 -1 0 
-1 0 0 0 
0 -1 0 0 
0 0 0 -1 

0 0 1 0 
-1 0 0 0 
0 -1 0 0 
0 0 0 1 


1 5

48

0 0 1 0 
0 1 0 0 
1 0 0 0 
0 0 0 -1 

0 0 1 0 
0 1 0 0 
-1 0 0 0 
0 0 0 1 

0 0 1 0 
0 -1 0 0 
1 0 0 0 
0 0 0 1 

0 0 1 0 
0 -1 0 0 
-1 0 0 0 
0 0 0 -1 

0 0 1 0 
1 0 0 0 
0 1 0 0 
0 0 0 1 

0 0 1 0 
1 0 0 0 
0 -1 0 0 
0 0 0 -1 

0 0 1 0 
-1 0 0 0 
0 1 0 0 
0 0 0 -1 

0 0 1 0 
-1 0 0 0 
0 -1 0 0 
0 0 0 1 

0 0 -1 0 
0 1 0 0 
1 0 0 0 
0 0 0 1 

0 0 -1 0 
0 1 0 0 
-1 0 0 0 
0 0 0 -1 

0 0 -1 0 
0 -1 0 0 
1 0 0 0 
0 0 0 -1 

0 0 -1 0 
0 -1 0 0 
-1 0 0 0 
0 0 0 1 

0 0 -1 0 
1 0 0 0 
0 1 0 0 
0 0 0 -1 

0 0 -1 0 
1 0 0 0 
0 -1 0 0 
0 0 0 1 

0 0 -1 0 
-1 0 0 0 
0 1 0 0 
0 0 0 1 

0 0 -1 0 
-1 0 0 0 
0 -1 0 0 
0 0 0 -1 

0 1 0 0 
0 0 1 0 
1 0 0 0 
0 0 0 1 

0 1 0 0 
0 0 1 0 
-1 0 0 0 
0 0 0 -1 

0 1 0 0 
0 0 -1 0 
1 0 0 0 
0 0 0 -1 

0 1 0 0 
0 0 -1 0 
-1 0 0 0 
0 0 0 1 

0 1 0 0 
1 0 0 0 
0 0 1 0 
0 0 0 -1 

0 1 0 0 
1 0 0 0 
0 0 -1 0 
0 0 0 1 

0 1 0 0 
-1 0 0 0 
0 0 1 0 
0 0 0 1 

0 1 0 0 
-1 0 0 0 
0 0 -1 0 
0 0 0 -1 

0 -1 0 0 
0 0 1 0 
1 0 0 0 
0 0 0 -1 

0 -1 0 0 
0 0 1 0 
-1 0 0 0 
0 0 0 1 

0 -1 0 0 
0 0 -1 0 
1 0 0 0 
0 0 0 1 

0 -1 0 0 
0 0 -1 0 
-1 0 0 0 
0 0 0 -1 

0 -1 0 0 
1 0 0 0 
0 0 1 0 
0 0 0 1 

0 -1 0 0 
1 0 0 0 
0 0 -1 0 
0 0 0 -1 

0 -1 0 0 
-1 0 0 0 
0 0 1 0 
0 0 0 -1 

0 -1 0 0 
-1 0 0 0 
0 0 -1 0 
0 0 0 1 

1 0 0 0 
0 0 1 0 
0 1 0 0 
0 0 0 -1 

1 0 0 0 
0 0 1 0 
0 -1 0 0 
0 0 0 1 

1 0 0 0 
0 0 -1 0 
0 1 0 0 
0 0 0 1 

1 0 0 0 
0 0 -1 0 
0 -1 0 0 
0 0 0 -1 

1 0 0 0 
0 1 0 0 
0 0 1 0 
0 0 0 1 

1 0 0 0 
0 1 0 0 
0 0 -1 0 
0 0 0 -1 

1 0 0 0 
0 -1 0 0 
0 0 1 0 
0 0 0 -1 

1 0 0 0 
0 -1 0 0 
0 0 -1 0 
0 0 0 1 

-1 0 0 0 
0 0 1 0 
0 1 0 0 
0 0 0 1 

-1 0 0 0 
0 0 1 0 
0 -1 0 0 
0 0 0 -1 

-1 0 0 0 
0 0 -1 0 
0 1 0 0 
0 0 0 -1 

-1 0 0 0 
0 0 -1 0 
0 -1 0 0 
0 0 0 1 

-1 0 0 0 
0 1 0 0 
0 0 1 0 
0 0 0 -1 

-1 0 0 0 
0 1 0 0 
0 0 -1 0 
0 0 0 1 

-1 0 0 0 
0 -1 0 0 
0 0 1 0 
0 0 0 1 

-1 0 0 0 
0 -1 0 0 
0 0 -1 0 
0 0 0 -1 


2 1

48

0 0 1 0 
1 0 0 0 
0 1 0 0 
0 0 0 1 

0 0 -1 0 
1 0 0 0 
0 1 0 0 
0 0 0 -1 

0 0 1 0 
-1 0 0 0 
0 1 0 0 
0 0 0 -1 

0 0 -1 0 
-1 0 0 0 
0 1 0 0 
0 0 0 1 

1 0 0 0 
0 0 1 0 
0 1 0 0 
0 0 0 -1 

1 0 0 0 
0 0 -1 0 
0 1 0 0 
0 0 0 1 

-1 0 0 0 
0 0 1 0 
0 1 0 0 
0 0 0 1 

-1 0 0 0 
0 0 -1 0 
0 1 0 0 
0 0 0 -1 

0 0 1 0 
1 0 0 0 
0 -1 0 0 
0 0 0 -1 

0 0 -1 0 
1 0 0 0 
0 -1 0 0 
0 0 0 1 

0 0 1 0 
-1 0 0 0 
0 -1 0 0 
0 0 0 1 

0 0 -1 0 
-1 0 0 0 
0 -1 0 0 
0 0 0 -1 

1 0 0 0 
0 0 1 0 
0 -1 0 0 
0 0 0 1 

1 0 0 0 
0 0 -1 0 
0 -1 0 0 
0 0 0 -1 

-1 0 0 0 
0 0 1 0 
0 -1 0 0 
0 0 0 -1 

-1 0 0 0 
0 0 -1 0 
0 -1 0 0 
0 0 0 1 

0 0 1 0 
0 1 0 0 
1 0 0 0 
0 0 0 -1 

0 0 -1 0 
0 1 0 0 
1 0 0 0 
0 0 0 1 

0 0 1 0 
0 1 0 0 
-1 0 0 0 
0 0 0 1 

0 0 -1 0 
0 1 0 0 
-1 0 0 0 
0 0 0 -1 

1 0 0 0 
0 1 0 0 
0 0 1 0 
0 0 0 1 

1 0 0 0 
0 1 0 0 
0 0 -1 0 
0 0 0 -1 

-1 0 0 0 
0 1 0 0 
0 0 1 0 
0 0 0 -1 

-1 0 0 0 
0 1 0 0 
0 0 -1 0 
0 0 0 1 

0 0 1 0 
0 -1 0 0 
1 0 0 0 
0 0 0 1 

0 0 -1 0 
0 -1 0 0 
1 0 0 0 
0 0 0 -1 

0 0 1 0 
0 -1 0 0 
-1 0 0 0 
0 0 0 -1 

0 0 -1 0 
0 -1 0 0 
-1 0 0 0 
0 0 0 1 

1 0 0 0 
0 -1 0 0 
0 0 1 0 
0 0 0 -1 

1 0 0 0 
0 -1 0 0 
0 0 -1 0 
0 0 0 1 

-1 0 0 0 
0 -1 0 0 
0 0 1 0 
0 0 0 1 

-1 0 0 0 
0 -1 0 0 
0 0 -1 0 
0 0 0 -1 

0 1 0 0 
0 0 1 0 
1 0 0 0 
0 0 0 1 

0 1 0 0 
0 0 -1 0 
1 0 0 0 
0 0 0 -1 

0 1 0 0 
0 0 1 0 
-1 0 0 0 
0 0 0 -1 

0 1 0 0 
0 0 -1 0 
-1 0 0 0 
0 0 0 1 

0 1 0 0 
1 0 0 0 
0 0 1 0 
0 0 0 -1 

0 1 0 0 
1 0 0 0 
0 0 -1 0 
0 0 0 1 

0 1 0 0 
-1 0 0 0 
0 0 1 0 
0 0 0 1 

0 1 0 0 
-1 0 0 0 
0 0 -1 0 
0 0 0 -1 

0 -1 0 0 
0 0 1 0 
1 0 0 0 
0 0 0 -1 

0 -1 0 0 
0 0 -1 0 
1 0 0 0 
0 0 0 1 

0 -1 0 0 
0 0 1 0 
-1 0 0 0 
0 0 0 1 

0 -1 0 0 
0 0 -1 0 
-1 0 0 0 
0 0 0 -1 

0 -1 0 0 
1 0 0 0 
0 0 1 0 
0 0 0 1 

0 -1 0 0 
1 0 0 0 
0 0 -1 0 
0 0 0 -1 

0 -1 0 0 
-1 0 0 0 
0 0 1 0 
0 0 0 -1 

0 -1 0 0 
-1 0 0 0 
0 0 -1 0 
0 0 0 1 


2 2

44

1 0 0 0 
0 0 1 0 
0 1 0 0 
0 0 0 -1 

1 0 0 0 
0 0 1 0 
0 -1 0 0 
0 0 0 1 

-1 0 0 0 
0 0 1 0 
0 1 0 0 
0 0 0 1 

-1 0 0 0 
0 0 1 0 
0 -1 0 0 
0 0 0 -1 

0 1 0 0 
0 0 1 0 
1 0 0 0 
0 0 0 1 

0 1 0 0 
0 0 1 0 
-1 0 0 0 
0 0 0 -1 

0 -1 0 0 
0 0 1 0 
1 0 0 0 
0 0 0 -1 

0 -1 0 0 
0 0 1 0 
-1 0 0 0 
0 0 0 1 

1 0 0 0 
0 0 -1 0 
0 1 0 0 
0 0 0 1 

1 0 0 0 
0 0 -1 0 
0 -1 0 0 
0 0 0 -1 

-1 0 0 0 
0 0 -1 0 
0 1 0 0 
0 0 0 -1 

-1 0 0 0 
0 0 -1 0 
0 -1 0 0 
0 0 0 1 

0 1 0 0 
0 0 -1 0 
1 0 0 0 
0 0 0 -1 

0 1 0 0 
0 0 -1 0 
-1 0 0 0 
0 0 0 1 

0 -1 0 0 
0 0 -1 0 
1 0 0 0 
0 0 0 1 

0 -1 0 0 
0 0 -1 0 
-1 0 0 0 
0 0 0 -1 

0 0 1 0 
1 0 0 0 
0 1 0 0 
0 0 0 1 

0 0 1 0 
1 0 0 0 
0 -1 0 0 
0 0 0 -1 

0 0 -1 0 
1 0 0 0 
0 1 0 0 
0 0 0 -1 

0 0 -1 0 
1 0 0 0 
0 -1 0 0 
0 0 0 1 

0 1 0 0 
1 0 0 0 
0 0 1 0 
0 0 0 -1 

0 1 0 0 
1 0 0 0 
0 0 -1 0 
0 0 0 1 

0 -1 0 0 
1 0 0 0 
0 0 1 0 
0 0 0 1 

0 -1 0 0 
1 0 0 0 
0 0 -1 0 
0 0 0 -1 

0 0 1 0 
-1 0 0 0 
0 1 0 0 
0 0 0 -1 

0 0 1 0 
-1 0 0 0 
0 -1 0 0 
0 0 0 1 

0 0 -1 0 
-1 0 0 0 
0 1 0 0 
0 0 0 1 

0 0 -1 0 
-1 0 0 0 
0 -1 0 0 
0 0 0 -1 

0 1 0 0 
-1 0 0 0 
0 0 1 0 
0 0 0 1 

0 1 0 0 
-1 0 0 0 
0 0 -1 0 
0 0 0 -1 

0 -1 0 0 
-1 0 0 0 
0 0 1 0 
0 0 0 -1 

0 -1 0 0 
-1 0 0 0 
0 0 -1 0 
0 0 0 1 

0 0 1 0 
0 1 0 0 
1 0 0 0 
0 0 0 -1 

0 0 1 0 
0 1 0 0 
-1 0 0 0 
0 0 0 1 

0 0 -1 0 
0 1 0 0 
1 0 0 0 
0 0 0 1 

1 0 0 0 
0 1 0 0 
0 0 1 0 
0 0 0 1 

1 0 0 0 
0 1 0 0 
0 0 -1 0 
0 0 0 -1 

-1 0 0 0 
0 1 0 0 
0 0 1 0 
0 0 0 -1 

0 0 1 0 
0 -1 0 0 
-1 0 0 0 
0 0 0 -1 

0 0 -1 0 
0 -1 0 0 
1 0 0 0 
0 0 0 -1 

0 0 -1 0 
0 -1 0 0 
-1 0 0 0 
0 0 0 1 

1 0 0 0 
0 -1 0 0 
0 0 -1 0 
0 0 0 1 

-1 0 0 0 
0 -1 0 0 
0 0 1 0 
0 0 0 1 

-1 0 0 0 
0 -1 0 0 
0 0 -1 0 
0 0 0 -1 


2 3

20

0 -1 0 0 
0 0 1 0 
1 0 0 0 
0 0 0 -1 

-1 0 0 0 
0 0 1 0 
0 -1 0 0 
0 0 0 -1 

1 0 0 0 
0 0 1 0 
0 -1 0 0 
0 0 0 1 

0 1 0 0 
0 0 -1 0 
-1 0 0 0 
0 0 0 1 

1 0 0 0 
0 0 -1 0 
0 1 0 0 
0 0 0 1 

-1 0 0 0 
0 0 -1 0 
0 1 0 0 
0 0 0 -1 

0 -1 0 0 
1 0 0 0 
0 0 1 0 
0 0 0 1 

0 -1 0 0 
1 0 0 0 
0 0 -1 0 
0 0 0 -1 

0 0 -1 0 
1 0 0 0 
0 -1 0 0 
0 0 0 1 

0 0 1 0 
1 0 0 0 
0 -1 0 0 
0 0 0 -1 

0 1 0 0 
-1 0 0 0 
0 0 1 0 
0 0 0 1 

0 1 0 0 
-1 0 0 0 
0 0 -1 0 
0 0 0 -1 

0 0 1 0 
-1 0 0 0 
0 1 0 0 
0 0 0 -1 

0 0 -1 0 
-1 0 0 0 
0 1 0 0 
0 0 0 1 

1 0 0 0 
0 1 0 0 
0 0 1 0 
0 0 0 1 

0 0 -1 0 
0 1 0 0 
1 0 0 0 
0 0 0 1 

0 0 1 0 
0 1 0 0 
1 0 0 0 
0 0 0 -1 

-1 0 0 0 
0 -1 0 0 
0 0 -1 0 
0 0 0 -1 

0 0 -1 0 
0 -1 0 0 
-1 0 0 0 
0 0 0 1 

0 0 1 0 
0 -1 0 0 
-1 0 0 0 
0 0 0 -1 


2 4

8

1 0 0 0 
0 0 1 0 
0 -1 0 0 
0 0 0 1 

-1 0 0 0 
0 0 -1 0 
0 1 0 0 
0 0 0 -1 

0 0 -1 0 
1 0 0 0 
0 -1 0 0 
0 0 0 1 

0 0 1 0 
-1 0 0 0 
0 1 0 0 
0 0 0 -1 

1 0 0 0 
0 1 0 0 
0 0 1 0 
0 0 0 1 

0 0 1 0 
0 1 0 0 
1 0 0 0 
0 0 0 -1 

-1 0 0 0 
0 -1 0 0 
0 0 -1 0 
0 0 0 -1 

0 0 -1 0 
0 -1 0 0 
-1 0 0 0 
0 0 0 1 


2 5

28

0 0 1 0 
1 0 0 0 
0 1 0 0 
0 0 0 1 

0 0 1 0 
-1 0 0 0 
0 1 0 0 
0 0 0 -1 

0 0 1 0 
-1 0 0 0 
0 -1 0 0 
0 0 0 1 

0 0 1 0 
0 1 0 0 
1 0 0 0 
0 0 0 -1 

0 0 1 0 
0 1 0 0 
-1 0 0 0 
0 0 0 1 

0 0 -1 0 
1 0 0 0 
0 1 0 0 
0 0 0 -1 

0 0 -1 0 
1 0 0 0 
0 -1 0 0 
0 0 0 1 

0 0 -1 0 
-1 0 0 0 
0 -1 0 0 
0 0 0 -1 

0 0 -1 0 
0 -1 0 0 
1 0 0 0 
0 0 0 -1 

0 0 -1 0 
0 -1 0 0 
-1 0 0 0 
0 0 0 1 

1 0 0 0 
0 0 1 0 
0 1 0 0 
0 0 0 -1 

1 0 0 0 
0 0 1 0 
0 -1 0 0 
0 0 0 1 

1 0 0 0 
0 0 -1 0 
0 1 0 0 
0 0 0 1 

1 0 0 0 
0 1 0 0 
0 0 1 0 
0 0 0 1 

1 0 0 0 
0 1 0 0 
0 0 -1 0 
0 0 0 -1 

-1 0 0 0 
0 0 1 0 
0 -1 0 0 
0 0 0 -1 

-1 0 0 0 
0 0 -1 0 
0 1 0 0 
0 0 0 -1 

-1 0 0 0 
0 0 -1 0 
0 -1 0 0 
0 0 0 1 

-1 0 0 0 
0 -1 0 0 
0 0 1 0 
0 0 0 1 

-1 0 0 0 
0 -1 0 0 
0 0 -1 0 
0 0 0 -1 

0 1 0 0 
0 0 -1 0 
1 0 0 0 
0 0 0 -1 

0 1 0 0 
0 0 -1 0 
-1 0 0 0 
0 0 0 1 

0 1 0 0 
-1 0 0 0 
0 0 1 0 
0 0 0 1 

0 1 0 0 
-1 0 0 0 
0 0 -1 0 
0 0 0 -1 

0 -1 0 0 
0 0 1 0 
1 0 0 0 
0 0 0 -1 

0 -1 0 0 
0 0 1 0 
-1 0 0 0 
0 0 0 1 

0 -1 0 0 
1 0 0 0 
0 0 1 0 
0 0 0 1 

0 -1 0 0 
1 0 0 0 
0 0 -1 0 
0 0 0 -1 


2 6

6

0 0 1 0 
-1 0 0 0 
0 1 0 0 
0 0 0 -1 

0 0 -1 0 
1 0 0 0 
0 -1 0 0 
0 0 0 1 

1 0 0 0 
0 0 -1 0 
0 1 0 0 
0 0 0 1 

-1 0 0 0 
0 0 1 0 
0 -1 0 0 
0 0 0 -1 

-1 0 0 0 
0 -1 0 0 
0 0 -1 0 
0 0 0 -1 

1 0 0 0 
0 1 0 0 
0 0 1 0 
0 0 0 1 


2 7

2

1 0 0 0 
0 1 0 0 
0 0 1 0 
0 0 0 1 

-1 0 0 0 
0 -1 0 0 
0 0 -1 0 
0 0 0 -1 


2 8

10

0 -2 5 2 
1 0 0 0 
0 2 -2 -1 
0 -7 14 6 

0 -2 -5 -2 
1 0 0 0 
0 2 2 1 
0 -7 -14 -6 

0 2 5 2 
-1 0 0 0 
0 -2 -2 -1 
0 7 14 6 

0 2 -5 -2 
-1 0 0 0 
0 -2 2 1 
0 7 -14 -6 

2 0 5 2 
0 1 0 0 
-2 0 -2 -1 
7 0 14 6 

2 0 -5 -2 
0 1 0 0 
-2 0 2 1 
7 0 -14 -6 

-5 0 2 2 
0 1 0 0 
2 0 -2 -1 
-14 0 7 6 

-2 0 5 2 
0 -1 0 0 
2 0 -2 -1 
-7 0 14 6 

-2 0 -5 -2 
0 -1 0 0 
2 0 2 1 
-7 0 -14 -6 

5 0 -2 -2 
0 -1 0 0 
-2 0 2 1 
14 0 -7 -6 


2 9

4

2 0 -5 -2 
0 1 0 0 
-2 0 2 1 
7 0 -14 -6 

-5 0 2 2 
0 1 0 0 
2 0 -2 -1 
-14 0 7 6 

-2 0 5 2 
0 -1 0 0 
2 0 -2 -1 
-7 0 14 6 

5 0 -2 -2 
0 -1 0 0 
-2 0 2 1 
14 0 -7 -6 


2 10

2

0 0 1 0 
-1 0 0 0 
0 1 0 0 
0 0 0 -1 

0 0 -1 0 
1 0 0 0 
0 -1 0 0 
0 0 0 1 


2 11

12

-1 0 0 0 
0 0 1 0 
0 -1 0 0 
0 0 0 -1 

0 -1 0 0 
0 0 1 0 
1 0 0 0 
0 0 0 -1 

0 1 0 0 
0 0 -1 0 
-1 0 0 0 
0 0 0 1 

1 0 0 0 
0 0 -1 0 
0 1 0 0 
0 0 0 1 

0 0 -1 0 
1 0 0 0 
0 -1 0 0 
0 0 0 1 

0 -1 0 0 
1 0 0 0 
0 0 1 0 
0 0 0 1 

0 0 1 0 
-1 0 0 0 
0 1 0 0 
0 0 0 -1 

0 1 0 0 
-1 0 0 0 
0 0 -1 0 
0 0 0 -1 

1 0 0 0 
0 1 0 0 
0 0 1 0 
0 0 0 1 

0 0 1 0 
0 1 0 0 
1 0 0 0 
0 0 0 -1 

0 0 -1 0 
0 -1 0 0 
-1 0 0 0 
0 0 0 1 

-1 0 0 0 
0 -1 0 0 
0 0 -1 0 
0 0 0 -1 


3 1

48

-1 0 0 0 
0 0 1 0 
0 1 0 0 
0 0 0 1 

1 0 0 0 
0 0 1 0 
0 1 0 0 
0 0 0 -1 

-1 0 0 0 
0 0 -1 0 
0 1 0 0 
0 0 0 -1 

1 0 0 0 
0 0 -1 0 
0 1 0 0 
0 0 0 1 

0 0 1 0 
-1 0 0 0 
0 1 0 0 
0 0 0 -1 

0 0 1 0 
1 0 0 0 
0 1 0 0 
0 0 0 1 

0 0 -1 0 
-1 0 0 0 
0 1 0 0 
0 0 0 1 

0 0 -1 0 
1 0 0 0 
0 1 0 0 
0 0 0 -1 

-1 0 0 0 
0 0 1 0 
0 -1 0 0 
0 0 0 -1 

1 0 0 0 
0 0 1 0 
0 -1 0 0 
0 0 0 1 

-1 0 0 0 
0 0 -1 0 
0 -1 0 0 
0 0 0 1 

1 0 0 0 
0 0 -1 0 
0 -1 0 0 
0 0 0 -1 

0 0 1 0 
-1 0 0 0 
0 -1 0 0 
0 0 0 1 

0 0 1 0 
1 0 0 0 
0 -1 0 0 
0 0 0 -1 

0 0 -1 0 
-1 0 0 0 
0 -1 0 0 
0 0 0 -1 

0 0 -1 0 
1 0 0 0 
0 -1 0 0 
0 0 0 1 

1 0 0 0 
0 1 0 0 
0 0 1 0 
0 0 0 1 

-1 0 0 0 
0 1 0 0 
0 0 1 0 
0 0 0 -1 

-1 0 0 0 
0 1 0 0 
0 0 -1 0 
0 0 0 1 

1 0 0 0 
0 1 0 0 
0 0 -1 0 
0 0 0 -1 

0 0 1 0 
0 1 0 0 
1 0 0 0 
0 0 0 -1 

0 0 1 0 
0 1 0 0 
-1 0 0 0 
0 0 0 1 

0 0 -1 0 
0 1 0 0 
-1 0 0 0 
0 0 0 -1 

0 0 -1 0 
0 1 0 0 
1 0 0 0 
0 0 0 1 

1 0 0 0 
0 -1 0 0 
0 0 1 0 
0 0 0 -1 

-1 0 0 0 
0 -1 0 0 
0 0 1 0 
0 0 0 1 

-1 0 0 0 
0 -1 0 0 
0 0 -1 0 
0 0 0 -1 

1 0 0 0 
0 -1 0 0 
0 0 -1 0 
0 0 0 1 

0 0 1 0 
0 -1 0 0 
1 0 0 0 
0 0 0 1 

0 0 1 0 
0 -1 0 0 
-1 0 0 0 
0 0 0 -1 

0 0 -1 0 
0 -1 0 0 
-1 0 0 0 
0 0 0 1 

0 0 -1 0 
0 -1 0 0 
1 0 0 0 
0 0 0 -1 

0 1 0 0 
1 0 0 0 
0 0 1 0 
0 0 0 -1 

0 1 0 0 
-1 0 0 0 
0 0 1 0 
0 0 0 1 

0 1 0 0 
-1 0 0 0 
0 0 -1 0 
0 0 0 -1 

0 1 0 0 
1 0 0 0 
0 0 -1 0 
0 0 0 1 

0 1 0 0 
0 0 1 0 
1 0 0 0 
0 0 0 1 

0 1 0 0 
0 0 1 0 
-1 0 0 0 
0 0 0 -1 

0 1 0 0 
0 0 -1 0 
-1 0 0 0 
0 0 0 1 

0 1 0 0 
0 0 -1 0 
1 0 0 0 
0 0 0 -1 

0 -1 0 0 
1 0 0 0 
0 0 1 0 
0 0 0 1 

0 -1 0 0 
-1 0 0 0 
0 0 1 0 
0 0 0 -1 

0 -1 0 0 
-1 0 0 0 
0 0 -1 0 
0 0 0 1 

0 -1 0 0 
1 0 0 0 
0 0 -1 0 
0 0 0 -1 

0 -1 0 0 
0 0 1 0 
1 0 0 0 
0 0 0 -1 

0 -1 0 0 
0 0 1 0 
-1 0 0 0 
0 0 0 1 

0 -1 0 0 
0 0 -1 0 
-1 0 0 0 
0 0 0 -1 

0 -1 0 0 
0 0 -1 0 
1 0 0 0 
0 0 0 1 


3 2

20

0 0 1 0 
-1 0 0 0 
0 1 0 0 
0 0 0 -1 

-1 0 0 0 
0 0 -1 0 
0 1 0 0 
0 0 0 -1 

1 0 0 0 
0 0 -1 0 
0 1 0 0 
0 0 0 1 

0 0 -1 0 
1 0 0 0 
0 -1 0 0 
0 0 0 1 

1 0 0 0 
0 0 1 0 
0 -1 0 0 
0 0 0 1 

-1 0 0 0 
0 0 1 0 
0 -1 0 0 
0 0 0 -1 

0 1 0 0 
-1 0 0 0 
0 0 1 0 
0 0 0 1 

0 1 0 0 
-1 0 0 0 
0 0 -1 0 
0 0 0 -1 

0 1 0 0 
0 0 -1 0 
-1 0 0 0 
0 0 0 1 

0 1 0 0 
0 0 -1 0 
1 0 0 0 
0 0 0 -1 

0 -1 0 0 
1 0 0 0 
0 0 1 0 
0 0 0 1 

0 -1 0 0 
1 0 0 0 
0 0 -1 0 
0 0 0 -1 

0 -1 0 0 
0 0 1 0 
1 0 0 0 
0 0 0 -1 

0 -1 0 0 
0 0 1 0 
-1 0 0 0 
0 0 0 1 

1 0 0 0 
0 1 0 0 
0 0 1 0 
0 0 0 1 

0 0 1 0 
0 1 0 0 
-1 0 0 0 
0 0 0 1 

0 0 1 0 
0 1 0 0 
1 0 0 0 
0 0 0 -1 

-1 0 0 0 
0 -1 0 0 
0 0 -1 0 
0 0 0 -1 

0 0 -1 0 
0 -1 0 0 
-1 0 0 0 
0 0 0 1 

0 0 -1 0 
0 -1 0 0 
1 0 0 0 
0 0 0 -1 


3 3

14

0 0 -1 0 
1 0 0 0 
0 -1 0 0 
0 0 0 1 

0 0 1 0 
-1 0 0 0 
0 1 0 0 
0 0 0 -1 

0 -1 0 0 
0 0 1 0 
1 0 0 0 
0 0 0 -1 

-1 0 0 0 
0 0 1 0 
0 -1 0 0 
0 0 0 -1 

1 0 0 0 
0 0 1 0 
0 -1 0 0 
0 0 0 1 

0 1 0 0 
0 0 -1 0 
-1 0 0 0 
0 0 0 1 

1 0 0 0 
0 0 -1 0 
0 1 0 0 
0 0 0 1 

-1 0 0 0 
0 0 -1 0 
0 1 0 0 
0 0 0 -1 

1 0 0 0 
0 1 0 0 
0 0 1 0 
0 0 0 1 

0 0 1 0 
0 1 0 0 
1 0 0 0 
0 0 0 -1 

-5 0 2 2 
0 1 0 0 
2 0 -2 -1 
-14 0 7 6 

-1 0 0 0 
0 -1 0 0 
0 0 -1 0 
0 0 0 -1 

5 0 -2 -2 
0 -1 0 0 
-2 0 2 1 
14 0 -7 -6 

0 0 -1 0 
0 -1 0 0 
-1 0 0 0 
0 0 0 1 


3 4

12

1 0 0 0 
0 0 1 0 
0 -1 0 0 
0 0 0 1 

-5 -2 0 2 
0 0 1 0 
2 2 0 -1 
-14 -7 0 6 

0 -1 0 0 
0 0 1 0 
1 0 0 0 
0 0 0 -1 

-1 0 0 0 
0 0 -1 0 
0 1 0 0 
0 0 0 -1 

5 2 0 -2 
0 0 -1 0 
-2 -2 0 1 
14 7 0 -6 

0 1 0 0 
0 0 -1 0 
-1 0 0 0 
0 0 0 1 

1 0 0 0 
0 1 0 0 
0 0 1 0 
0 0 0 1 

-5 0 2 2 
0 1 0 0 
2 0 -2 -1 
-14 0 7 6 

0 0 1 0 
0 1 0 0 
1 0 0 0 
0 0 0 -1 

-1 0 0 0 
0 -1 0 0 
0 0 -1 0 
0 0 0 -1 

5 0 -2 -2 
0 -1 0 0 
-2 0 2 1 
14 0 -7 -6 

0 0 -1 0 
0 -1 0 0 
-1 0 0 0 
0 0 0 1 


3 5

12

1 0 0 0 
0 1 0 0 
0 0 1 0 
0 0 0 1 

0 0 1 0 
0 1 0 0 
1 0 0 0 
0 0 0 -1 

0 0 1 0 
0 1 0 0 
-1 0 0 0 
0 0 0 1 

-1 0 0 0 
0 -1 0 0 
0 0 -1 0 
0 0 0 -1 

0 0 -1 0 
0 -1 0 0 
-1 0 0 0 
0 0 0 1 

0 0 -1 0 
0 -1 0 0 
1 0 0 0 
0 0 0 -1 

0 1 0 0 
-1 0 0 0 
0 0 -1 0 
0 0 0 -1 

0 1 0 0 
0 0 -1 0 
1 0 0 0 
0 0 0 -1 

0 1 0 0 
0 0 -1 0 
-1 0 0 0 
0 0 0 1 

0 -1 0 0 
1 0 0 0 
0 0 1 0 
0 0 0 1 

0 -1 0 0 
0 0 1 0 
-1 0 0 0 
0 0 0 1 

0 -1 0 0 
0 0 1 0 
1 0 0 0 
0 0 0 -1 


3 6

12

-3 -2 4 2 
-4 -2 3 2 
2 0 -2 -1 
-14 -7 14 8 

-5 -2 0 2 
-2 -2 0 1 
0 0 1 0 
-14 -7 0 6 

3 2 -4 -2 
4 2 -3 -2 
-2 0 2 1 
14 7 -14 -8 

5 2 0 -2 
2 2 0 -1 
0 0 -1 0 
14 7 0 -6 

1 0 0 0 
0 1 0 0 
0 0 1 0 
0 0 0 1 

-5 0 2 2 
0 1 0 0 
2 0 -2 -1 
-14 0 7 6 

5 0 -2 -2 
0 -1 0 0 
-2 0 2 1 
14 0 -7 -6 

-1 0 0 0 
0 -1 0 0 
0 0 -1 0 
0 0 0 -1 

1 0 0 0 
0 0 -1 0 
0 1 0 0 
0 0 0 1 

0 0 1 0 
-1 0 0 0 
0 1 0 0 
0 0 0 -1 

-1 0 0 0 
0 0 1 0 
0 -1 0 0 
0 0 0 -1 

0 0 -1 0 
1 0 0 0 
0 -1 0 0 
0 0 0 1 


3 7

14

0 1 0 0 
0 0 -1 0 
-1 0 0 0 
0 0 0 1 

0 -1 0 0 
0 0 1 0 
1 0 0 0 
0 0 0 -1 

3 4 -2 -2 
2 2 0 -1 
-4 -3 2 2 
14 14 -7 -8 

-3 -4 2 2 
-2 -2 0 1 
4 3 -2 -2 
-14 -14 7 8 

-2 -2 0 1 
0 0 -1 0 
5 2 0 -2 
-14 -7 0 6 

-4 -2 3 2 
-2 0 2 1 
3 2 -4 -2 
-14 -7 14 8 

2 2 0 -1 
0 0 1 0 
-5 -2 0 2 
14 7 0 -6 

4 2 -3 -2 
2 0 -2 -1 
-3 -2 4 2 
14 7 -14 -8 

1 0 0 0 
0 1 0 0 
0 0 1 0 
0 0 0 1 

0 0 1 0 
0 1 0 0 
1 0 0 0 
0 0 0 -1 

-5 0 2 2 
0 1 0 0 
2 0 -2 -1 
-14 0 7 6 

5 0 -2 -2 
0 -1 0 0 
-2 0 2 1 
14 0 -7 -6 

0 0 -1 0 
0 -1 0 0 
-1 0 0 0 
0 0 0 1 

-1 0 0 0 
0 -1 0 0 
0 0 -1 0 
0 0 0 -1 


3 8

10

5 -2 0 -2 
0 0 1 0 
-2 2 0 1 
14 -7 0 -6 

-5 -2 0 2 
0 0 1 0 
2 2 0 -1 
-14 -7 0 6 

5 2 0 -2 
0 0 -1 0 
-2 -2 0 1 
14 7 0 -6 

-5 2 0 2 
0 0 -1 0 
2 -2 0 -1 
-14 7 0 6 

-5 0 2 2 
0 1 0 0 
2 0 -2 -1 
-14 0 7 6 

5 0 2 -2 
0 1 0 0 
-2 0 -2 1 
14 0 7 -6 

1 0 0 0 
0 1 0 0 
0 0 1 0 
0 0 0 1 

5 0 -2 -2 
0 -1 0 0 
-2 0 2 1 
14 0 -7 -6 

-5 0 -2 2 
0 -1 0 0 
2 0 2 -1 
-14 0 -7 6 

-1 0 0 0 
0 -1 0 0 
0 0 -1 0 
0 0 0 -1 


3 9

4

-5 0 2 2 
0 1 0 0 
2 0 -2 -1 
-14 0 7 6 

1 0 0 0 
0 1 0 0 
0 0 1 0 
0 0 0 1 

5 0 -2 -2 
0 -1 0 0 
-2 0 2 1 
14 0 -7 -6 

-1 0 0 0 
0 -1 0 0 
0 0 -1 0 
0 0 0 -1 


3 10

10

-3 -2 4 2 
-4 -2 3 2 
2 0 -2 -1 
-14 -7 14 8 

0 1 0 0 
0 0 -1 0 
-1 0 0 0 
0 0 0 1 

3 2 -4 -2 
4 2 -3 -2 
-2 0 2 1 
14 7 -14 -8 

0 -1 0 0 
0 0 1 0 
1 0 0 0 
0 0 0 -1 

-1 0 0 0 
0 -1 0 0 
0 0 -1 0 
0 0 0 -1 

1 0 0 0 
0 1 0 0 
0 0 1 0 
0 0 0 1 

0 0 -1 0 
1 0 0 0 
0 -1 0 0 
0 0 0 1 

-4 -3 2 2 
-3 -4 2 2 
2 2 0 -1 
-14 -14 7 8 

0 0 1 0 
-1 0 0 0 
0 1 0 0 
0 0 0 -1 

4 3 -2 -2 
3 4 -2 -2 
-2 -2 0 1 
14 14 -7 -8 


3 11

10

0 1 0 0 
0 0 -1 0 
-1 0 0 0 
0 0 0 1 

0 -1 0 0 
0 0 1 0 
1 0 0 0 
0 0 0 -1 

1 0 0 0 
0 0 -1 0 
0 1 0 0 
0 0 0 1 

0 0 1 0 
-1 0 0 0 
0 1 0 0 
0 0 0 -1 

-1 0 0 0 
0 0 1 0 
0 -1 0 0 
0 0 0 -1 

0 0 -1 0 
1 0 0 0 
0 -1 0 0 
0 0 0 1 

0 0 1 0 
0 1 0 0 
1 0 0 0 
0 0 0 -1 

1 0 0 0 
0 1 0 0 
0 0 1 0 
0 0 0 1 

-1 0 0 0 
0 -1 0 0 
0 0 -1 0 
0 0 0 -1 

0 0 -1 0 
0 -1 0 0 
-1 0 0 0 
0 0 0 1 


3 12

12

-5 0 2 2 
0 1 0 0 
2 0 -2 -1 
-14 0 7 6 

1 0 0 0 
0 1 0 0 
0 0 1 0 
0 0 0 1 

5 0 -2 -2 
0 -1 0 0 
-2 0 2 1 
14 0 -7 -6 

-1 0 0 0 
0 -1 0 0 
0 0 -1 0 
0 0 0 -1 

-3 -2 4 2 
-4 -2 3 2 
2 0 -2 -1 
-14 -7 14 8 

-5 -2 0 2 
-2 -2 0 1 
0 0 1 0 
-14 -7 0 6 

5 2 0 -2 
2 2 0 -1 
0 0 -1 0 
14 7 0 -6 

3 2 -4 -2 
4 2 -3 -2 
-2 0 2 1 
14 7 -14 -8 

-9 -4 4 4 
-4 -2 3 2 
4 3 -2 -2 
-28 -14 14 13 

-3 -4 2 2 
-2 -2 0 1 
4 3 -2 -2 
-14 -14 7 8 

9 4 -4 -4 
4 2 -3 -2 
-4 -3 2 2 
28 14 -14 -13 

3 4 -2 -2 
2 2 0 -1 
-4 -3 2 2 
14 14 -7 -8 


4 2

8

1 0 0 0 
0 0 -1 0 
0 1 0 0 
0 0 0 1 

-1 0 0 0 
0 0 1 0 
0 -1 0 0 
0 0 0 -1 

0 1 0 0 
0 0 -1 0 
-1 0 0 0 
0 0 0 1 

0 -1 0 0 
0 0 1 0 
1 0 0 0 
0 0 0 -1 

1 0 0 0 
0 1 0 0 
0 0 1 0 
0 0 0 1 

0 0 1 0 
0 1 0 0 
1 0 0 0 
0 0 0 -1 

-1 0 0 0 
0 -1 0 0 
0 0 -1 0 
0 0 0 -1 

0 0 -1 0 
0 -1 0 0 
-1 0 0 0 
0 0 0 1 


4 3

12

1 0 0 0 
0 0 -1 0 
0 1 0 0 
0 0 0 1 

-5 0 2 2 
-2 0 2 1 
0 1 0 0 
-14 0 7 6 

0 0 1 0 
-1 0 0 0 
0 1 0 0 
0 0 0 -1 

-1 0 0 0 
0 0 1 0 
0 -1 0 0 
0 0 0 -1 

5 0 -2 -2 
2 0 -2 -1 
0 -1 0 0 
14 0 -7 -6 

0 0 -1 0 
1 0 0 0 
0 -1 0 0 
0 0 0 1 

1 0 0 0 
0 1 0 0 
0 0 1 0 
0 0 0 1 

-5 0 2 2 
0 1 0 0 
2 0 -2 -1 
-14 0 7 6 

0 0 1 0 
0 1 0 0 
1 0 0 0 
0 0 0 -1 

-1 0 0 0 
0 -1 0 0 
0 0 -1 0 
0 0 0 -1 

5 0 -2 -2 
0 -1 0 0 
-2 0 2 1 
14 0 -7 -6 

0 0 -1 0 
0 -1 0 0 
-1 0 0 0 
0 0 0 1 


4 4

6

1 0 0 0 
0 1 0 0 
0 0 1 0 
0 0 0 1 

-5 0 2 2 
0 1 0 0 
2 0 -2 -1 
-14 0 7 6 

0 0 1 0 
0 1 0 0 
1 0 0 0 
0 0 0 -1 

-1 0 0 0 
0 -1 0 0 
0 0 -1 0 
0 0 0 -1 

5 0 -2 -2 
0 -1 0 0 
-2 0 2 1 
14 0 -7 -6 

0 0 -1 0 
0 -1 0 0 
-1 0 0 0 
0 0 0 1 


4 5

16

2 0 -2 -1 
0 1 0 0 
5 0 -2 -2 
-14 0 7 6 

0 0 1 0 
0 1 0 0 
-1 0 0 0 
0 0 0 1 

0 0 1 0 
0 1 0 0 
1 0 0 0 
0 0 0 -1 

2 0 -2 -1 
0 1 0 0 
-5 0 2 2 
14 0 -7 -6 

-2 0 2 1 
0 -1 0 0 
-5 0 2 2 
14 0 -7 -6 

-2 0 2 1 
0 -1 0 0 
5 0 -2 -2 
-14 0 7 6 

0 0 -1 0 
0 -1 0 0 
-1 0 0 0 
0 0 0 1 

0 0 -1 0 
0 -1 0 0 
1 0 0 0 
0 0 0 -1 

0 1 0 0 
-2 0 2 1 
-5 0 2 2 
14 0 -7 -6 

0 1 0 0 
0 0 -1 0 
-1 0 0 0 
0 0 0 1 

0 1 0 0 
0 0 -1 0 
1 0 0 0 
0 0 0 -1 

0 1 0 0 
-2 0 2 1 
5 0 -2 -2 
-14 0 7 6 

0 -1 0 0 
2 0 -2 -1 
5 0 -2 -2 
-14 0 7 6 

0 -1 0 0 
0 0 1 0 
1 0 0 0 
0 0 0 -1 

0 -1 0 0 
0 0 1 0 
-1 0 0 0 
0 0 0 1 

0 -1 0 0 
2 0 -2 -1 
-5 0 2 2 
14 0 -7 -6 


4 6

12

-3 -2 4 2 
-4 -2 3 2 
2 0 -2 -1 
-14 -7 14 8 

3 2 -4 -2 
4 2 -3 -2 
-2 0 2 1 
14 7 -14 -8 

1 0 0 0 
0 1 0 0 
0 0 1 0 
0 0 0 1 

-5 0 2 2 
0 1 0 0 
2 0 -2 -1 
-14 0 7 6 

-1 0 0 0 
0 -1 0 0 
0 0 -1 0 
0 0 0 -1 

5 0 -2 -2 
0 -1 0 0 
-2 0 2 1 
14 0 -7 -6 

0 0 1 0 
-1 0 0 0 
0 1 0 0 
0 0 0 -1 

-5 0 2 2 
-2 0 2 1 
0 1 0 0 
-14 0 7 6 

1 0 0 0 
0 0 -1 0 
0 1 0 0 
0 0 0 1 

0 0 -1 0 
1 0 0 0 
0 -1 0 0 
0 0 0 1 

5 0 -2 -2 
2 0 -2 -1 
0 -1 0 0 
14 0 -7 -6 

-1 0 0 0 
0 0 1 0 
0 -1 0 0 
0 0 0 -1 


4 7

14

5 -2 0 -2 
0 0 1 0 
-2 2 0 1 
14 -7 0 -6 

-4 -2 3 2 
-2 0 2 1 
3 2 -4 -2 
-14 -7 14 8 

3 -2 -4 -2 
2 0 -2 -1 
-4 2 3 2 
14 -7 -14 -8 

-5 2 0 2 
0 0 -1 0 
2 -2 0 -1 
-14 7 0 6 

4 2 -3 -2 
2 0 -2 -1 
-3 -2 4 2 
14 7 -14 -8 

-3 2 4 2 
-2 0 2 1 
4 -2 -3 -2 
-14 7 14 8 

2 0 -2 -1 
0 1 0 0 
-5 0 2 2 
14 0 -7 -6 

-5 0 2 2 
0 1 0 0 
2 0 -2 -1 
-14 0 7 6 

0 0 1 0 
0 1 0 0 
1 0 0 0 
0 0 0 -1 

1 0 0 0 
0 1 0 0 
0 0 1 0 
0 0 0 1 

5 0 -2 -2 
0 -1 0 0 
-2 0 2 1 
14 0 -7 -6 

-2 0 2 1 
0 -1 0 0 
5 0 -2 -2 
-14 0 7 6 

0 0 -1 0 
0 -1 0 0 
-1 0 0 0 
0 0 0 1 

-1 0 0 0 
0 -1 0 0 
0 0 -1 0 
0 0 0 -1 


4 8

22

-3 -2 4 2 
2 0 -2 -1 
4 2 -3 -2 
-14 -7 14 8 

3 -2 -4 -2 
2 0 -2 -1 
-4 2 3 2 
14 -7 -14 -8 

4 -2 -3 -2 
-2 0 2 1 
-3 2 4 2 
14 -7 -14 -8 

5 -2 0 -2 
0 0 1 0 
-2 2 0 1 
14 -7 0 -6 

-5 -2 0 2 
0 0 1 0 
2 2 0 -1 
-14 -7 0 6 

-4 -2 3 2 
-2 0 2 1 
3 2 -4 -2 
-14 -7 14 8 

3 2 -4 -2 
-2 0 2 1 
-4 -2 3 2 
14 7 -14 -8 

-3 2 4 2 
-2 0 2 1 
4 -2 -3 -2 
-14 7 14 8 

-4 2 3 2 
2 0 -2 -1 
3 -2 -4 -2 
-14 7 14 8 

5 2 0 -2 
0 0 -1 0 
-2 -2 0 1 
14 7 0 -6 

-5 2 0 2 
0 0 -1 0 
2 -2 0 -1 
-14 7 0 6 

4 2 -3 -2 
2 0 -2 -1 
-3 -2 4 2 
14 7 -14 -8 

-5 0 2 2 
0 1 0 0 
2 0 -2 -1 
-14 0 7 6 

5 0 2 -2 
0 1 0 0 
-2 0 -2 1 
14 0 7 -6 

0 0 1 0 
0 1 0 0 
1 0 0 0 
0 0 0 -1 

7 0 -8 -4 
0 1 0 0 
-8 0 7 4 
28 0 -28 -15 

1 0 0 0 
0 1 0 0 
0 0 1 0 
0 0 0 1 

5 0 -2 -2 
0 -1 0 0 
-2 0 2 1 
14 0 -7 -6 

-5 0 -2 2 
0 -1 0 0 
2 0 2 -1 
-14 0 -7 6 

0 0 -1 0 
0 -1 0 0 
-1 0 0 0 
0 0 0 1 

-7 0 8 4 
0 -1 0 0 
8 0 -7 -4 
-28 0 28 15 

-1 0 0 0 
0 -1 0 0 
0 0 -1 0 
0 0 0 -1 


4 9

16

3 -2 -4 -2 
2 0 -2 -1 
-4 2 3 2 
14 -7 -14 -8 

5 -2 0 -2 
0 0 1 0 
-2 2 0 1 
14 -7 0 -6 

-3 2 4 2 
-2 0 2 1 
4 -2 -3 -2 
-14 7 14 8 

-5 2 0 2 
0 0 -1 0 
2 -2 0 -1 
-14 7 0 6 

1 0 0 0 
0 0 -1 0 
0 1 0 0 
0 0 0 1 

-5 0 2 2 
-2 0 2 1 
0 1 0 0 
-14 0 7 6 

-1 0 0 0 
0 0 1 0 
0 -1 0 0 
0 0 0 -1 

5 0 -2 -2 
2 0 -2 -1 
0 -1 0 0 
14 0 -7 -6 

0 0 1 0 
0 1 0 0 
1 0 0 0 
0 0 0 -1 

2 0 -5 -2 
0 1 0 0 
-2 0 2 1 
7 0 -14 -6 

-5 0 2 2 
0 1 0 0 
2 0 -2 -1 
-14 0 7 6 

1 0 0 0 
0 1 0 0 
0 0 1 0 
0 0 0 1 

0 0 -1 0 
0 -1 0 0 
-1 0 0 0 
0 0 0 1 

-2 0 5 2 
0 -1 0 0 
2 0 -2 -1 
-7 0 14 6 

5 0 -2 -2 
0 -1 0 0 
-2 0 2 1 
14 0 -7 -6 

-1 0 0 0 
0 -1 0 0 
0 0 -1 0 
0 0 0 -1 


4 10

6

1 0 0 0 
0 0 -1 0 
0 1 0 0 
0 0 0 1 

-1 0 0 0 
0 0 1 0 
0 -1 0 0 
0 0 0 -1 

-4 2 3 2 
-3 2 4 2 
2 0 -2 -1 
-14 7 14 8 

4 -2 -3 -2 
3 -2 -4 -2 
-2 0 2 1 
14 -7 -14 -8 

0 0 1 0 
-1 0 0 0 
0 1 0 0 
0 0 0 -1 

0 0 -1 0 
1 0 0 0 
0 -1 0 0 
0 0 0 1 


4 11

12

0 1 0 0 
-1 0 0 0 
0 0 -1 0 
0 0 0 -1 

0 1 0 0 
0 0 -1 0 
-1 0 0 0 
0 0 0 1 

0 -1 0 0 
0 0 1 0 
1 0 0 0 
0 0 0 -1 

0 -1 0 0 
1 0 0 0 
0 0 1 0 
0 0 0 1 

1 0 0 0 
0 0 -1 0 
0 1 0 0 
0 0 0 1 

0 0 1 0 
-1 0 0 0 
0 1 0 0 
0 0 0 -1 

-1 0 0 0 
0 0 1 0 
0 -1 0 0 
0 0 0 -1 

0 0 -1 0 
1 0 0 0 
0 -1 0 0 
0 0 0 1 

0 0 1 0 
0 1 0 0 
1 0 0 0 
0 0 0 -1 

1 0 0 0 
0 1 0 0 
0 0 1 0 
0 0 0 1 

-1 0 0 0 
0 -1 0 0 
0 0 -1 0 
0 0 0 -1 

0 0 -1 0 
0 -1 0 0 
-1 0 0 0 
0 0 0 1 


4 12

12

9 -4 -4 -4 
4 -3 -2 -2 
-4 2 3 2 
28 -14 -14 -13 

3 -4 -2 -2 
4 -3 -2 -2 
-2 2 0 1 
14 -14 -7 -8 

-9 4 4 4 
-4 3 2 2 
4 -2 -3 -2 
-28 14 14 13 

-3 4 2 2 
-4 3 2 2 
2 -2 0 -1 
-14 14 7 8 

3 -2 -4 -2 
2 0 -2 -1 
-4 2 3 2 
14 -7 -14 -8 

5 -2 0 -2 
0 0 1 0 
-2 2 0 1 
14 -7 0 -6 

-3 2 4 2 
-2 0 2 1 
4 -2 -3 -2 
-14 7 14 8 

-5 2 0 2 
0 0 -1 0 
2 -2 0 -1 
-14 7 0 6 

-1 0 0 0 
0 0 1 0 
0 -1 0 0 
0 0 0 -1 

5 0 -2 -2 
2 0 -2 -1 
0 -1 0 0 
14 0 -7 -6 

1 0 0 0 
0 0 -1 0 
0 1 0 0 
0 0 0 1 

-5 0 2 2 
-2 0 2 1 
0 1 0 0 
-14 0 7 6 


5 1

48

0 0 1 0 
0 1 0 0 
1 0 0 0 
0 0 0 -1 

0 0 -1 0 
0 1 0 0 
1 0 0 0 
0 0 0 1 

0 0 1 0 
0 -1 0 0 
1 0 0 0 
0 0 0 1 

0 0 -1 0 
0 -1 0 0 
1 0 0 0 
0 0 0 -1 

0 1 0 0 
0 0 1 0 
1 0 0 0 
0 0 0 1 

0 1 0 0 
0 0 -1 0 
1 0 0 0 
0 0 0 -1 

0 -1 0 0 
0 0 1 0 
1 0 0 0 
0 0 0 -1 

0 -1 0 0 
0 0 -1 0 
1 0 0 0 
0 0 0 1 

0 0 1 0 
0 1 0 0 
-1 0 0 0 
0 0 0 1 

0 0 -1 0 
0 1 0 0 
-1 0 0 0 
0 0 0 -1 

0 0 1 0 
0 -1 0 0 
-1 0 0 0 
0 0 0 -1 

0 0 -1 0 
0 -1 0 0 
-1 0 0 0 
0 0 0 1 

0 1 0 0 
0 0 1 0 
-1 0 0 0 
0 0 0 -1 

0 1 0 0 
0 0 -1 0 
-1 0 0 0 
0 0 0 1 

0 -1 0 0 
0 0 1 0 
-1 0 0 0 
0 0 0 1 

0 -1 0 0 
0 0 -1 0 
-1 0 0 0 
0 0 0 -1 

0 0 1 0 
1 0 0 0 
0 1 0 0 
0 0 0 1 

0 0 -1 0 
1 0 0 0 
0 1 0 0 
0 0 0 -1 

0 0 1 0 
1 0 0 0 
0 -1 0 0 
0 0 0 -1 

0 0 -1 0 
1 0 0 0 
0 -1 0 0 
0 0 0 1 

0 1 0 0 
1 0 0 0 
0 0 1 0 
0 0 0 -1 

0 1 0 0 
1 0 0 0 
0 0 -1 0 
0 0 0 1 

0 -1 0 0 
1 0 0 0 
0 0 1 0 
0 0 0 1 

0 -1 0 0 
1 0 0 0 
0 0 -1 0 
0 0 0 -1 

0 0 1 0 
-1 0 0 0 
0 1 0 0 
0 0 0 -1 

0 0 -1 0 
-1 0 0 0 
0 1 0 0 
0 0 0 1 

0 0 1 0 
-1 0 0 0 
0 -1 0 0 
0 0 0 1 

0 0 -1 0 
-1 0 0 0 
0 -1 0 0 
0 0 0 -1 

0 1 0 0 
-1 0 0 0 
0 0 1 0 
0 0 0 1 

0 1 0 0 
-1 0 0 0 
0 0 -1 0 
0 0 0 -1 

0 -1 0 0 
-1 0 0 0 
0 0 1 0 
0 0 0 -1 

0 -1 0 0 
-1 0 0 0 
0 0 -1 0 
0 0 0 1 

1 0 0 0 
0 0 1 0 
0 1 0 0 
0 0 0 -1 

1 0 0 0 
0 0 -1 0 
0 1 0 0 
0 0 0 1 

1 0 0 0 
0 0 1 0 
0 -1 0 0 
0 0 0 1 

1 0 0 0 
0 0 -1 0 
0 -1 0 0 
0 0 0 -1 

1 0 0 0 
0 1 0 0 
0 0 1 0 
0 0 0 1 

1 0 0 0 
0 1 0 0 
0 0 -1 0 
0 0 0 -1 

1 0 0 0 
0 -1 0 0 
0 0 1 0 
0 0 0 -1 

1 0 0 0 
0 -1 0 0 
0 0 -1 0 
0 0 0 1 

-1 0 0 0 
0 0 1 0 
0 1 0 0 
0 0 0 1 

-1 0 0 0 
0 0 -1 0 
0 1 0 0 
0 0 0 -1 

-1 0 0 0 
0 0 1 0 
0 -1 0 0 
0 0 0 -1 

-1 0 0 0 
0 0 -1 0 
0 -1 0 0 
0 0 0 1 

-1 0 0 0 
0 1 0 0 
0 0 1 0 
0 0 0 -1 

-1 0 0 0 
0 1 0 0 
0 0 -1 0 
0 0 0 1 

-1 0 0 0 
0 -1 0 0 
0 0 1 0 
0 0 0 1 

-1 0 0 0 
0 -1 0 0 
0 0 -1 0 
0 0 0 -1 


5 2

28

0 1 0 0 
0 0 1 0 
1 0 0 0 
0 0 0 1 

0 -1 0 0 
0 0 1 0 
1 0 0 0 
0 0 0 -1 

0 -1 0 0 
0 0 -1 0 
1 0 0 0 
0 0 0 1 

0 0 1 0 
0 1 0 0 
1 0 0 0 
0 0 0 -1 

0 0 -1 0 
0 1 0 0 
1 0 0 0 
0 0 0 1 

0 1 0 0 
0 0 1 0 
-1 0 0 0 
0 0 0 -1 

0 1 0 0 
0 0 -1 0 
-1 0 0 0 
0 0 0 1 

0 -1 0 0 
0 0 -1 0 
-1 0 0 0 
0 0 0 -1 

0 0 1 0 
0 -1 0 0 
-1 0 0 0 
0 0 0 -1 

0 0 -1 0 
0 -1 0 0 
-1 0 0 0 
0 0 0 1 

1 0 0 0 
0 0 1 0 
0 1 0 0 
0 0 0 -1 

1 0 0 0 
0 0 -1 0 
0 1 0 0 
0 0 0 1 

1 0 0 0 
0 0 1 0 
0 -1 0 0 
0 0 0 1 

1 0 0 0 
0 1 0 0 
0 0 1 0 
0 0 0 1 

1 0 0 0 
0 1 0 0 
0 0 -1 0 
0 0 0 -1 

-1 0 0 0 
0 0 -1 0 
0 1 0 0 
0 0 0 -1 

-1 0 0 0 
0 0 1 0 
0 -1 0 0 
0 0 0 -1 

-1 0 0 0 
0 0 -1 0 
0 -1 0 0 
0 0 0 1 

-1 0 0 0 
0 -1 0 0 
0 0 1 0 
0 0 0 1 

-1 0 0 0 
0 -1 0 0 
0 0 -1 0 
0 0 0 -1 

0 0 1 0 
1 0 0 0 
0 -1 0 0 
0 0 0 -1 

0 0 -1 0 
1 0 0 0 
0 -1 0 0 
0 0 0 1 

0 -1 0 0 
1 0 0 0 
0 0 1 0 
0 0 0 1 

0 -1 0 0 
1 0 0 0 
0 0 -1 0 
0 0 0 -1 

0 0 1 0 
-1 0 0 0 
0 1 0 0 
0 0 0 -1 

0 0 -1 0 
-1 0 0 0 
0 1 0 0 
0 0 0 1 

0 1 0 0 
-1 0 0 0 
0 0 1 0 
0 0 0 1 

0 1 0 0 
-1 0 0 0 
0 0 -1 0 
0 0 0 -1 


5 3

12

1 0 0 0 
0 1 0 0 
0 0 1 0 
0 0 0 1 

0 0 1 0 
0 1 0 0 
1 0 0 0 
0 0 0 -1 

0 0 -1 0 
0 1 0 0 
1 0 0 0 
0 0 0 1 

-1 0 0 0 
0 -1 0 0 
0 0 -1 0 
0 0 0 -1 

0 0 -1 0 
0 -1 0 0 
-1 0 0 0 
0 0 0 1 

0 0 1 0 
0 -1 0 0 
-1 0 0 0 
0 0 0 -1 

0 -1 0 0 
1 0 0 0 
0 0 -1 0 
0 0 0 -1 

0 0 1 0 
1 0 0 0 
0 -1 0 0 
0 0 0 -1 

0 0 -1 0 
1 0 0 0 
0 -1 0 0 
0 0 0 1 

0 1 0 0 
-1 0 0 0 
0 0 1 0 
0 0 0 1 

0 0 -1 0 
-1 0 0 0 
0 1 0 0 
0 0 0 1 

0 0 1 0 
-1 0 0 0 
0 1 0 0 
0 0 0 -1 


5 4

16

2 0 5 2 
0 1 0 0 
-2 0 -2 -1 
7 0 14 6 

0 0 -1 0 
0 1 0 0 
1 0 0 0 
0 0 0 1 

0 0 1 0 
0 1 0 0 
1 0 0 0 
0 0 0 -1 

2 0 -5 -2 
0 1 0 0 
-2 0 2 1 
7 0 -14 -6 

-2 0 -5 -2 
0 -1 0 0 
2 0 2 1 
-7 0 -14 -6 

-2 0 5 2 
0 -1 0 0 
2 0 -2 -1 
-7 0 14 6 

0 0 -1 0 
0 -1 0 0 
-1 0 0 0 
0 0 0 1 

0 0 1 0 
0 -1 0 0 
-1 0 0 0 
0 0 0 -1 

0 -2 -5 -2 
1 0 0 0 
0 2 2 1 
0 -7 -14 -6 

0 0 -1 0 
1 0 0 0 
0 -1 0 0 
0 0 0 1 

0 0 1 0 
1 0 0 0 
0 -1 0 0 
0 0 0 -1 

0 -2 5 2 
1 0 0 0 
0 2 -2 -1 
0 -7 14 6 

0 2 5 2 
-1 0 0 0 
0 -2 -2 -1 
0 7 14 6 

0 0 1 0 
-1 0 0 0 
0 1 0 0 
0 0 0 -1 

0 0 -1 0 
-1 0 0 0 
0 1 0 0 
0 0 0 1 

0 2 -5 -2 
-1 0 0 0 
0 -2 2 1 
0 7 -14 -6 


5 5

14

0 0 1 0 
-1 0 0 0 
0 1 0 0 
0 0 0 -1 

0 0 -1 0 
1 0 0 0 
0 -1 0 0 
0 0 0 1 

0 1 0 0 
-1 0 0 0 
0 0 1 0 
0 0 0 1 

0 1 0 0 
-1 0 0 0 
0 0 -1 0 
0 0 0 -1 

0 1 0 0 
0 0 -1 0 
-1 0 0 0 
0 0 0 1 

0 -1 0 0 
1 0 0 0 
0 0 1 0 
0 0 0 1 

0 -1 0 0 
1 0 0 0 
0 0 -1 0 
0 0 0 -1 

0 -1 0 0 
0 0 1 0 
1 0 0 0 
0 0 0 -1 

1 0 0 0 
0 1 0 0 
0 0 1 0 
0 0 0 1 

1 0 0 0 
0 1 0 0 
0 0 -1 0 
0 0 0 -1 

1 0 0 0 
0 0 1 0 
0 1 0 0 
0 0 0 -1 

-1 0 0 0 
0 -1 0 0 
0 0 1 0 
0 0 0 1 

-1 0 0 0 
0 -1 0 0 
0 0 -1 0 
0 0 0 -1 

-1 0 0 0 
0 0 -1 0 
0 -1 0 0 
0 0 0 1 


5 6

8

0 0 -1 0 
-1 0 0 0 
0 1 0 0 
0 0 0 1 

0 0 1 0 
1 0 0 0 
0 -1 0 0 
0 0 0 -1 

0 0 1 0 
0 1 0 0 
1 0 0 0 
0 0 0 -1 

0 0 -1 0 
0 -1 0 0 
-1 0 0 0 
0 0 0 1 

0 0 -1 0 
0 1 0 0 
1 0 0 0 
0 0 0 1 

0 0 1 0 
0 -1 0 0 
-1 0 0 0 
0 0 0 -1 

0 0 1 0 
-1 0 0 0 
0 1 0 0 
0 0 0 -1 

0 0 -1 0 
1 0 0 0 
0 -1 0 0 
0 0 0 1 


5 7

6

2 0 5 2 
0 1 0 0 
-2 0 -2 -1 
7 0 14 6 

2 0 -5 -2 
0 1 0 0 
-2 0 2 1 
7 0 -14 -6 

-2 0 5 2 
0 -1 0 0 
2 0 -2 -1 
-7 0 14 6 

-2 0 -5 -2 
0 -1 0 0 
2 0 2 1 
-7 0 -14 -6 

0 -2 5 2 
1 0 0 0 
0 2 -2 -1 
0 -7 14 6 

0 2 -5 -2 
-1 0 0 0 
0 -2 2 1 
0 7 -14 -6 


5 8

8

2 0 5 2 
0 1 0 0 
-2 0 -2 -1 
7 0 14 6 

2 0 -5 -2 
0 1 0 0 
-2 0 2 1 
7 0 -14 -6 

-2 0 5 2 
0 -1 0 0 
2 0 -2 -1 
-7 0 14 6 

-2 0 -5 -2 
0 -1 0 0 
2 0 2 1 
-7 0 -14 -6 

0 -2 5 2 
1 0 0 0 
0 2 -2 -1 
0 -7 14 6 

0 -2 -5 -2 
1 0 0 0 
0 2 2 1 
0 -7 -14 -6 

0 2 5 2 
-1 0 0 0 
0 -2 -2 -1 
0 7 14 6 

0 2 -5 -2 
-1 0 0 0 
0 -2 2 1 
0 7 -14 -6 


5 9

16

2 0 -5 -2 
0 1 0 0 
-2 0 2 1 
7 0 -14 -6 

0 0 1 0 
0 1 0 0 
1 0 0 0 
0 0 0 -1 

0 0 -1 0 
0 1 0 0 
1 0 0 0 
0 0 0 1 

2 0 5 2 
0 1 0 0 
-2 0 -2 -1 
7 0 14 6 

0 0 -1 0 
0 -1 0 0 
-1 0 0 0 
0 0 0 1 

-2 0 5 2 
0 -1 0 0 
2 0 -2 -1 
-7 0 14 6 

0 0 1 0 
0 -1 0 0 
-1 0 0 0 
0 0 0 -1 

-2 0 -5 -2 
0 -1 0 0 
2 0 2 1 
-7 0 -14 -6 

0 -2 5 2 
1 0 0 0 
0 2 -2 -1 
0 -7 14 6 

0 0 -1 0 
1 0 0 0 
0 -1 0 0 
0 0 0 1 

0 0 1 0 
1 0 0 0 
0 -1 0 0 
0 0 0 -1 

0 -2 -5 -2 
1 0 0 0 
0 2 2 1 
0 -7 -14 -6 

0 2 -5 -2 
-1 0 0 0 
0 -2 2 1 
0 7 -14 -6 

0 0 1 0 
-1 0 0 0 
0 1 0 0 
0 0 0 -1 

0 0 -1 0 
-1 0 0 0 
0 1 0 0 
0 0 0 1 

0 2 5 2 
-1 0 0 0 
0 -2 -2 -1 
0 7 14 6 


5 11

24

1 0 0 0 
0 0 1 0 
0 1 0 0 
0 0 0 -1 

-1 0 0 0 
0 0 1 0 
0 -1 0 0 
0 0 0 -1 

0 -1 0 0 
0 0 1 0 
1 0 0 0 
0 0 0 -1 

0 1 0 0 
0 0 1 0 
-1 0 0 0 
0 0 0 -1 

1 0 0 0 
0 0 -1 0 
0 1 0 0 
0 0 0 1 

-1 0 0 0 
0 0 -1 0 
0 -1 0 0 
0 0 0 1 

0 -1 0 0 
0 0 -1 0 
1 0 0 0 
0 0 0 1 

0 1 0 0 
0 0 -1 0 
-1 0 0 0 
0 0 0 1 

1 0 0 0 
0 1 0 0 
0 0 1 0 
0 0 0 1 

1 0 0 0 
0 1 0 0 
0 0 -1 0 
0 0 0 -1 

0 0 1 0 
0 1 0 0 
1 0 0 0 
0 0 0 -1 

0 0 -1 0 
0 1 0 0 
1 0 0 0 
0 0 0 1 

-1 0 0 0 
0 -1 0 0 
0 0 1 0 
0 0 0 1 

-1 0 0 0 
0 -1 0 0 
0 0 -1 0 
0 0 0 -1 

0 0 1 0 
0 -1 0 0 
-1 0 0 0 
0 0 0 -1 

0 0 -1 0 
0 -1 0 0 
-1 0 0 0 
0 0 0 1 

0 -1 0 0 
1 0 0 0 
0 0 1 0 
0 0 0 1 

0 -1 0 0 
1 0 0 0 
0 0 -1 0 
0 0 0 -1 

0 0 1 0 
1 0 0 0 
0 -1 0 0 
0 0 0 -1 

0 0 -1 0 
1 0 0 0 
0 -1 0 0 
0 0 0 1 

0 1 0 0 
-1 0 0 0 
0 0 1 0 
0 0 0 1 

0 1 0 0 
-1 0 0 0 
0 0 -1 0 
0 0 0 -1 

0 0 1 0 
-1 0 0 0 
0 1 0 0 
0 0 0 -1 

0 0 -1 0 
-1 0 0 0 
0 1 0 0 
0 0 0 1 


6 2

6

0 -1 0 0 
0 0 1 0 
1 0 0 0 
0 0 0 -1 

0 1 0 0 
0 0 -1 0 
-1 0 0 0 
0 0 0 1 

1 0 0 0 
0 0 1 0 
0 -1 0 0 
0 0 0 1 

-1 0 0 0 
0 0 -1 0 
0 1 0 0 
0 0 0 -1 

-1 0 0 0 
0 -1 0 0 
0 0 -1 0 
0 0 0 -1 

1 0 0 0 
0 1 0 0 
0 0 1 0 
0 0 0 1 


6 3

12

-3 -4 2 2 
-2 -2 0 1 
4 3 -2 -2 
-14 -14 7 8 

-5 -2 0 2 
-2 -2 0 1 
0 0 1 0 
-14 -7 0 6 

3 4 -2 -2 
2 2 0 -1 
-4 -3 2 2 
14 14 -7 -8 

5 2 0 -2 
2 2 0 -1 
0 0 -1 0 
14 7 0 -6 

1 0 0 0 
0 1 0 0 
0 0 1 0 
0 0 0 1 

-5 0 2 2 
0 1 0 0 
2 0 -2 -1 
-14 0 7 6 

5 0 -2 -2 
0 -1 0 0 
-2 0 2 1 
14 0 -7 -6 

-1 0 0 0 
0 -1 0 0 
0 0 -1 0 
0 0 0 -1 

1 0 0 0 
0 0 1 0 
0 -1 0 0 
0 0 0 1 

0 -1 0 0 
0 0 1 0 
1 0 0 0 
0 0 0 -1 

-1 0 0 0 
0 0 -1 0 
0 1 0 0 
0 0 0 -1 

0 1 0 0 
0 0 -1 0 
-1 0 0 0 
0 0 0 1 


6 4

12

-3 -4 2 2 
-2 -2 0 1 
4 3 -2 -2 
-14 -14 7 8 

3 4 -2 -2 
2 2 0 -1 
-4 -3 2 2 
14 14 -7 -8 

1 0 0 0 
0 1 0 0 
0 0 1 0 
0 0 0 1 

-5 0 2 2 
0 1 0 0 
2 0 -2 -1 
-14 0 7 6 

-1 0 0 0 
0 -1 0 0 
0 0 -1 0 
0 0 0 -1 

5 0 -2 -2 
0 -1 0 0 
-2 0 2 1 
14 0 -7 -6 

0 -1 0 0 
0 0 1 0 
1 0 0 0 
0 0 0 -1 

-5 -2 0 2 
0 0 1 0 
2 2 0 -1 
-14 -7 0 6 

1 0 0 0 
0 0 1 0 
0 -1 0 0 
0 0 0 1 

0 1 0 0 
0 0 -1 0 
-1 0 0 0 
0 0 0 1 

5 2 0 -2 
0 0 -1 0 
-2 -2 0 1 
14 7 0 -6 

-1 0 0 0 
0 0 -1 0 
0 1 0 0 
0 0 0 -1 


6 5

8

0 -1 0 0 
0 0 1 0 
-1 0 0 0 
0 0 0 1 

0 1 0 0 
0 0 -1 0 
1 0 0 0 
0 0 0 -1 

0 0 1 0 
0 1 0 0 
1 0 0 0 
0 0 0 -1 

0 0 -1 0 
0 -1 0 0 
-1 0 0 0 
0 0 0 1 

0 0 1 0 
0 1 0 0 
-1 0 0 0 
0 0 0 1 

0 0 -1 0 
0 -1 0 0 
1 0 0 0 
0 0 0 -1 

0 -1 0 0 
0 0 1 0 
1 0 0 0 
0 0 0 -1 

0 1 0 0 
0 0 -1 0 
-1 0 0 0 
0 0 0 1 


6 6

18

0 0 -1 0 
1 0 0 0 
0 -1 0 0 
0 0 0 1 

0 0 1 0 
-1 0 0 0 
0 1 0 0 
0 0 0 -1 

0 1 0 0 
0 0 -1 0 
-1 0 0 0 
0 0 0 1 

-4 -3 2 2 
-3 -4 2 2 
2 2 0 -1 
-14 -14 7 8 

0 -1 0 0 
0 0 1 0 
1 0 0 0 
0 0 0 -1 

4 3 -2 -2 
3 4 -2 -2 
-2 -2 0 1 
14 14 -7 -8 

-3 -4 2 2 
-2 -2 0 1 
4 3 -2 -2 
-14 -14 7 8 

-9 -4 4 4 
-4 -2 3 2 
4 3 -2 -2 
-28 -14 14 13 

1 0 0 0 
0 1 0 0 
0 0 1 0 
0 0 0 1 

-5 -2 0 2 
-2 -2 0 1 
0 0 1 0 
-14 -7 0 6 

-5 0 2 2 
0 1 0 0 
2 0 -2 -1 
-14 0 7 6 

-3 -2 4 2 
-4 -2 3 2 
2 0 -2 -1 
-14 -7 14 8 

3 4 -2 -2 
2 2 0 -1 
-4 -3 2 2 
14 14 -7 -8 

9 4 -4 -4 
4 2 -3 -2 
-4 -3 2 2 
28 14 -14 -13 

5 0 -2 -2 
0 -1 0 0 
-2 0 2 1 
14 0 -7 -6 

3 2 -4 -2 
4 2 -3 -2 
-2 0 2 1 
14 7 -14 -8 

-1 0 0 0 
0 -1 0 0 
0 0 -1 0 
0 0 0 -1 

5 2 0 -2 
2 2 0 -1 
0 0 -1 0 
14 7 0 -6 


6 7

14

-4 -2 3 2 
-2 0 2 1 
3 2 -4 -2 
-14 -7 14 8 

0 1 0 0 
0 0 -1 0 
-1 0 0 0 
0 0 0 1 

-2 -2 0 1 
0 0 -1 0 
5 2 0 -2 
-14 -7 0 6 

4 2 -3 -2 
2 0 -2 -1 
-3 -2 4 2 
14 7 -14 -8 

2 2 0 -1 
0 0 1 0 
-5 -2 0 2 
14 7 0 -6 

0 -1 0 0 
0 0 1 0 
1 0 0 0 
0 0 0 -1 

1 0 0 0 
0 0 1 0 
0 -1 0 0 
0 0 0 1 

-1 0 0 0 
0 0 -1 0 
0 1 0 0 
0 0 0 -1 

1 0 0 0 
0 1 0 0 
0 0 1 0 
0 0 0 1 

-3 -4 2 2 
-2 -2 0 1 
4 3 -2 -2 
-14 -14 7 8 

-5 0 2 2 
0 1 0 0 
2 0 -2 -1 
-14 0 7 6 

-1 0 0 0 
0 -1 0 0 
0 0 -1 0 
0 0 0 -1 

3 4 -2 -2 
2 2 0 -1 
-4 -3 2 2 
14 14 -7 -8 

5 0 -2 -2 
0 -1 0 0 
-2 0 2 1 
14 0 -7 -6 


6 8

8

1 0 0 0 
0 0 1 0 
0 -1 0 0 
0 0 0 1 

-5 -2 0 2 
0 0 1 0 
2 2 0 -1 
-14 -7 0 6 

5 2 0 -2 
0 0 -1 0 
-2 -2 0 1 
14 7 0 -6 

-1 0 0 0 
0 0 -1 0 
0 1 0 0 
0 0 0 -1 

5 0 -2 -2 
0 -1 0 0 
-2 0 2 1 
14 0 -7 -6 

3 4 -2 -2 
2 2 0 -1 
-4 -3 2 2 
14 14 -7 -8 

-5 0 2 2 
0 1 0 0 
2 0 -2 -1 
-14 0 7 6 

-3 -4 2 2 
-2 -2 0 1 
4 3 -2 -2 
-14 -14 7 8 


6 9

14

-2 -5 0 2 
0 0 -1 0 
2 2 0 -1 
-7 -14 0 6 

2 5 0 -2 
0 0 1 0 
-2 -2 0 1 
7 14 0 -6 

1 0 0 0 
0 0 1 0 
0 -1 0 0 
0 0 0 1 

-5 -2 0 2 
0 0 1 0 
2 2 0 -1 
-14 -7 0 6 

-1 0 0 0 
0 0 -1 0 
0 1 0 0 
0 0 0 -1 

5 2 0 -2 
0 0 -1 0 
-2 -2 0 1 
14 7 0 -6 

-3 -4 2 2 
-2 -2 0 1 
4 3 -2 -2 
-14 -14 7 8 

-5 0 2 2 
0 1 0 0 
2 0 -2 -1 
-14 0 7 6 

1 0 0 0 
0 1 0 0 
0 0 1 0 
0 0 0 1 

-5 -2 0 2 
-2 -2 0 1 
0 0 1 0 
-14 -7 0 6 

-1 0 0 0 
0 -1 0 0 
0 0 -1 0 
0 0 0 -1 

5 2 0 -2 
2 2 0 -1 
0 0 -1 0 
14 7 0 -6 

3 4 -2 -2 
2 2 0 -1 
-4 -3 2 2 
14 14 -7 -8 

5 0 -2 -2 
0 -1 0 0 
-2 0 2 1 
14 0 -7 -6 


6 10

24

-3 -2 4 2 
-4 -2 3 2 
2 0 -2 -1 
-14 -7 14 8 

0 1 0 0 
0 0 -1 0 
-1 0 0 0 
0 0 0 1 

3 2 -4 -2 
4 2 -3 -2 
-2 0 2 1 
14 7 -14 -8 

0 -1 0 0 
0 0 1 0 
1 0 0 0 
0 0 0 -1 

-3 -4 2 2 
-2 -2 0 1 
4 3 -2 -2 
-14 -14 7 8 

3 4 -2 -2 
2 2 0 -1 
-4 -3 2 2 
14 14 -7 -8 

-5 -2 0 2 
-2 -2 0 1 
0 0 1 0 
-14 -7 0 6 

5 2 0 -2 
2 2 0 -1 
0 0 -1 0 
14 7 0 -6 

1 0 0 0 
0 1 0 0 
0 0 1 0 
0 0 0 1 

-2 -2 0 1 
-4 -3 2 2 
3 4 -2 -2 
-14 -14 7 8 

-2 -4 3 2 
-2 -3 4 2 
0 2 -2 -1 
-7 -14 14 8 

-1 0 0 0 
0 -1 0 0 
0 0 -1 0 
0 0 0 -1 

2 2 0 -1 
4 3 -2 -2 
-3 -4 2 2 
14 14 -7 -8 

2 4 -3 -2 
2 3 -4 -2 
0 -2 2 1 
7 14 -14 -8 

-4 -3 2 2 
-3 -4 2 2 
2 2 0 -1 
-14 -14 7 8 

0 0 -1 0 
1 0 0 0 
0 -1 0 0 
0 0 0 1 

0 0 -1 0 
-5 -2 0 2 
2 2 0 -1 
-14 -7 0 6 

-2 0 2 1 
-3 -2 4 2 
4 2 -3 -2 
-14 -7 14 8 

-2 0 2 1 
-5 0 2 2 
0 -1 0 0 
-14 0 7 6 

2 0 -2 -1 
5 0 -2 -2 
0 1 0 0 
14 0 -7 -6 

4 3 -2 -2 
3 4 -2 -2 
-2 -2 0 1 
14 14 -7 -8 

0 0 1 0 
-1 0 0 0 
0 1 0 0 
0 0 0 -1 

0 0 1 0 
5 2 0 -2 
-2 -2 0 1 
14 7 0 -6 

2 0 -2 -1 
3 2 -4 -2 
-4 -2 3 2 
14 7 -14 -8 


6 11

12

-2 -2 0 1 
-4 -3 2 2 
3 4 -2 -2 
-14 -14 7 8 

0 1 0 0 
0 0 -1 0 
-1 0 0 0 
0 0 0 1 

0 -1 0 0 
0 0 1 0 
1 0 0 0 
0 0 0 -1 

2 2 0 -1 
4 3 -2 -2 
-3 -4 2 2 
14 14 -7 -8 

4 3 -2 -2 
3 4 -2 -2 
-2 -2 0 1 
14 14 -7 -8 

0 0 1 0 
-1 0 0 0 
0 1 0 0 
0 0 0 -1 

-4 -3 2 2 
-3 -4 2 2 
2 2 0 -1 
-14 -14 7 8 

0 0 -1 0 
1 0 0 0 
0 -1 0 0 
0 0 0 1 

-1 0 0 0 
0 -1 0 0 
0 0 -1 0 
0 0 0 -1 

3 4 -2 -2 
2 2 0 -1 
-4 -3 2 2 
14 14 -7 -8 

-3 -4 2 2 
-2 -2 0 1 
4 3 -2 -2 
-14 -14 7 8 

1 0 0 0 
0 1 0 0 
0 0 1 0 
0 0 0 1 


6 12

12

-5 -2 0 2 
-2 -2 0 1 
0 0 1 0 
-14 -7 0 6 

1 0 0 0 
0 1 0 0 
0 0 1 0 
0 0 0 1 

-9 -4 4 4 
-4 -2 3 2 
4 3 -2 -2 
-28 -14 14 13 

-3 -2 4 2 
-4 -2 3 2 
2 0 -2 -1 
-14 -7 14 8 

-3 -4 2 2 
-2 -2 0 1 
4 3 -2 -2 
-14 -14 7 8 

-5 0 2 2 
0 1 0 0 
2 0 -2 -1 
-14 0 7 6 

-1 0 0 0 
0 -1 0 0 
0 0 -1 0 
0 0 0 -1 

5 2 0 -2 
2 2 0 -1 
0 0 -1 0 
14 7 0 -6 

9 4 -4 -4 
4 2 -3 -2 
-4 -3 2 2 
28 14 -14 -13 

3 2 -4 -2 
4 2 -3 -2 
-2 0 2 1 
14 7 -14 -8 

5 0 -2 -2 
0 -1 0 0 
-2 0 2 1 
14 0 -7 -6 

3 4 -2 -2 
2 2 0 -1 
-4 -3 2 2 
14 14 -7 -8 


7 2

2

1 0 0 0 
0 1 0 0 
0 0 1 0 
0 0 0 1 

-1 0 0 0 
0 -1 0 0 
0 0 -1 0 
0 0 0 -1 


7 3

14

0 0 -1 0 
1 0 0 0 
0 -1 0 0 
0 0 0 1 

0 0 1 0 
-1 0 0 0 
0 1 0 0 
0 0 0 -1 

3 2 -4 -2 
4 2 -3 -2 
-2 0 2 1 
14 7 -14 -8 

-3 -2 4 2 
-4 -2 3 2 
2 0 -2 -1 
-14 -7 14 8 

-2 0 5 2 
-2 0 2 1 
0 -1 0 0 
-7 0 14 6 

-4 -2 3 2 
-2 0 2 1 
3 2 -4 -2 
-14 -7 14 8 

2 0 -5 -2 
2 0 -2 -1 
0 1 0 0 
7 0 -14 -6 

4 2 -3 -2 
2 0 -2 -1 
-3 -2 4 2 
14 7 -14 -8 

1 0 0 0 
0 1 0 0 
0 0 1 0 
0 0 0 1 

0 0 1 0 
0 1 0 0 
1 0 0 0 
0 0 0 -1 

-5 0 2 2 
0 1 0 0 
2 0 -2 -1 
-14 0 7 6 

5 0 -2 -2 
0 -1 0 0 
-2 0 2 1 
14 0 -7 -6 

0 0 -1 0 
0 -1 0 0 
-1 0 0 0 
0 0 0 1 

-1 0 0 0 
0 -1 0 0 
0 0 -1 0 
0 0 0 -1 


7 4

14

5 0 -2 -2 
-2 0 2 1 
0 1 0 0 
14 0 -7 -6 

-4 -2 3 2 
-2 0 2 1 
3 2 -4 -2 
-14 -7 14 8 

3 2 -4 -2 
-2 0 2 1 
-4 -2 3 2 
14 7 -14 -8 

-5 0 2 2 
2 0 -2 -1 
0 -1 0 0 
-14 0 7 6 

4 2 -3 -2 
2 0 -2 -1 
-3 -2 4 2 
14 7 -14 -8 

-3 -2 4 2 
2 0 -2 -1 
4 2 -3 -2 
-14 -7 14 8 

2 0 -5 -2 
0 1 0 0 
-2 0 2 1 
7 0 -14 -6 

-5 0 2 2 
0 1 0 0 
2 0 -2 -1 
-14 0 7 6 

0 0 1 0 
0 1 0 0 
1 0 0 0 
0 0 0 -1 

1 0 0 0 
0 1 0 0 
0 0 1 0 
0 0 0 1 

5 0 -2 -2 
0 -1 0 0 
-2 0 2 1 
14 0 -7 -6 

-2 0 5 2 
0 -1 0 0 
2 0 -2 -1 
-7 0 14 6 

0 0 -1 0 
0 -1 0 0 
-1 0 0 0 
0 0 0 1 

-1 0 0 0 
0 -1 0 0 
0 0 -1 0 
0 0 0 -1 


7 5

6

2 0 -2 -1 
0 1 0 0 
5 0 -2 -2 
-14 0 7 6 

2 0 -2 -1 
0 1 0 0 
-5 0 2 2 
14 0 -7 -6 

-2 0 2 1 
0 -1 0 0 
5 0 -2 -2 
-14 0 7 6 

-2 0 2 1 
0 -1 0 0 
-5 0 2 2 
14 0 -7 -6 

0 1 0 0 
-2 0 2 1 
5 0 -2 -2 
-14 0 7 6 

0 -1 0 0 
2 0 -2 -1 
-5 0 2 2 
14 0 -7 -6 


7 6

14

-4 -2 3 2 
-2 0 2 1 
3 2 -4 -2 
-14 -7 14 8 

0 0 -1 0 
1 0 0 0 
0 -1 0 0 
0 0 0 1 

-2 0 5 2 
-2 0 2 1 
0 -1 0 0 
-7 0 14 6 

4 2 -3 -2 
2 0 -2 -1 
-3 -2 4 2 
14 7 -14 -8 

2 0 -5 -2 
2 0 -2 -1 
0 1 0 0 
7 0 -14 -6 

0 0 1 0 
-1 0 0 0 
0 1 0 0 
0 0 0 -1 

1 0 0 0 
0 0 -1 0 
0 1 0 0 
0 0 0 1 

-1 0 0 0 
0 0 1 0 
0 -1 0 0 
0 0 0 -1 

1 0 0 0 
0 1 0 0 
0 0 1 0 
0 0 0 1 

-3 -2 4 2 
-4 -2 3 2 
2 0 -2 -1 
-14 -7 14 8 

-5 0 2 2 
0 1 0 0 
2 0 -2 -1 
-14 0 7 6 

-1 0 0 0 
0 -1 0 0 
0 0 -1 0 
0 0 0 -1 

3 2 -4 -2 
4 2 -3 -2 
-2 0 2 1 
14 7 -14 -8 

5 0 -2 -2 
0 -1 0 0 
-2 0 2 1 
14 0 -7 -6 


7 7

12

-4 -2 3 2 
-2 0 2 1 
3 2 -4 -2 
-14 -7 14 8 

-3 2 4 2 
-2 0 2 1 
4 -2 -3 -2 
-14 7 14 8 

3 2 -4 -2 
-2 0 2 1 
-4 -2 3 2 
14 7 -14 -8 

-3 -2 4 2 
2 0 -2 -1 
4 2 -3 -2 
-14 -7 14 8 

3 -2 -4 -2 
2 0 -2 -1 
-4 2 3 2 
14 -7 -14 -8 

4 2 -3 -2 
2 0 -2 -1 
-3 -2 4 2 
14 7 -14 -8 

1 0 0 0 
0 1 0 0 
0 0 1 0 
0 0 0 1 

0 0 1 0 
0 1 0 0 
1 0 0 0 
0 0 0 -1 

-8 0 7 4 
0 1 0 0 
7 0 -8 -4 
-28 0 28 15 

8 0 -7 -4 
0 -1 0 0 
-7 0 8 4 
28 0 -28 -15 

0 0 -1 0 
0 -1 0 0 
-1 0 0 0 
0 0 0 1 

-1 0 0 0 
0 -1 0 0 
0 0 -1 0 
0 0 0 -1 


7 8

16

4 -2 -3 -2 
-2 0 2 1 
-3 2 4 2 
14 -7 -14 -8 

-4 -2 3 2 
-2 0 2 1 
3 2 -4 -2 
-14 -7 14 8 

-3 -2 4 2 
2 0 -2 -1 
4 2 -3 -2 
-14 -7 14 8 

3 -2 -4 -2 
2 0 -2 -1 
-4 2 3 2 
14 -7 -14 -8 

-3 2 4 2 
-2 0 2 1 
4 -2 -3 -2 
-14 7 14 8 

3 2 -4 -2 
-2 0 2 1 
-4 -2 3 2 
14 7 -14 -8 

4 2 -3 -2 
2 0 -2 -1 
-3 -2 4 2 
14 7 -14 -8 

-4 2 3 2 
2 0 -2 -1 
3 -2 -4 -2 
-14 7 14 8 

1 0 0 0 
0 1 0 0 
0 0 1 0 
0 0 0 1 

7 0 -8 -4 
0 1 0 0 
-8 0 7 4 
28 0 -28 -15 

0 0 1 0 
0 1 0 0 
1 0 0 0 
0 0 0 -1 

-8 0 7 4 
0 1 0 0 
7 0 -8 -4 
-28 0 28 15 

8 0 -7 -4 
0 -1 0 0 
-7 0 8 4 
28 0 -28 -15 

0 0 -1 0 
0 -1 0 0 
-1 0 0 0 
0 0 0 1 

-7 0 8 4 
0 -1 0 0 
8 0 -7 -4 
-28 0 28 15 

-1 0 0 0 
0 -1 0 0 
0 0 -1 0 
0 0 0 -1 


7 9

10

-4 -2 3 2 
-2 0 2 1 
3 2 -4 -2 
-14 -7 14 8 

4 2 -3 -2 
2 0 -2 -1 
-3 -2 4 2 
14 7 -14 -8 

2 0 -5 -2 
2 0 -2 -1 
0 1 0 0 
7 0 -14 -6 

-2 0 5 2 
-2 0 2 1 
0 -1 0 0 
-7 0 14 6 

1 0 0 0 
0 1 0 0 
0 0 1 0 
0 0 0 1 

2 0 -5 -2 
0 1 0 0 
-2 0 2 1 
7 0 -14 -6 

-5 0 2 2 
0 1 0 0 
2 0 -2 -1 
-14 0 7 6 

-1 0 0 0 
0 -1 0 0 
0 0 -1 0 
0 0 0 -1 

5 0 -2 -2 
0 -1 0 0 
-2 0 2 1 
14 0 -7 -6 

-2 0 5 2 
0 -1 0 0 
2 0 -2 -1 
-7 0 14 6 


7 10

12

4 2 -3 -2 
2 0 -2 -1 
-3 -2 4 2 
14 7 -14 -8 

-4 -2 3 2 
-2 0 2 1 
3 2 -4 -2 
-14 -7 14 8 

-1 0 0 0 
0 -1 0 0 
0 0 -1 0 
0 0 0 -1 

1 0 0 0 
0 1 0 0 
0 0 1 0 
0 0 0 1 

0 1 0 0 
0 0 -1 0 
-1 0 0 0 
0 0 0 1 

-3 -2 4 2 
-4 -2 3 2 
2 0 -2 -1 
-14 -7 14 8 

3 2 -4 -2 
4 2 -3 -2 
-2 0 2 1 
14 7 -14 -8 

0 -1 0 0 
0 0 1 0 
1 0 0 0 
0 0 0 -1 

-2 0 2 1 
-3 -2 4 2 
4 2 -3 -2 
-14 -7 14 8 

0 0 -1 0 
1 0 0 0 
0 -1 0 0 
0 0 0 1 

2 0 -2 -1 
3 2 -4 -2 
-4 -2 3 2 
14 7 -14 -8 

0 0 1 0 
-1 0 0 0 
0 1 0 0 
0 0 0 -1 


7 11

12

2 0 -2 -1 
3 2 -4 -2 
-4 -2 3 2 
14 7 -14 -8 

-2 0 2 1 
-3 -2 4 2 
4 2 -3 -2 
-14 -7 14 8 

-4 -2 3 2 
-2 0 2 1 
3 2 -4 -2 
-14 -7 14 8 

4 2 -3 -2 
2 0 -2 -1 
-3 -2 4 2 
14 7 -14 -8 

3 2 -4 -2 
4 2 -3 -2 
-2 0 2 1 
14 7 -14 -8 

-3 -2 4 2 
-4 -2 3 2 
2 0 -2 -1 
-14 -7 14 8 

0 1 0 0 
0 0 -1 0 
-1 0 0 0 
0 0 0 1 

0 -1 0 0 
0 0 1 0 
1 0 0 0 
0 0 0 -1 

0 0 1 0 
-1 0 0 0 
0 1 0 0 
0 0 0 -1 

0 0 -1 0 
1 0 0 0 
0 -1 0 0 
0 0 0 1 

1 0 0 0 
0 1 0 0 
0 0 1 0 
0 0 0 1 

-1 0 0 0 
0 -1 0 0 
0 0 -1 0 
0 0 0 -1 


7 12

24

1 0 0 0 
0 1 0 0 
0 0 1 0 
0 0 0 1 

-5 0 2 2 
0 1 0 0 
2 0 -2 -1 
-14 0 7 6 

-1 0 0 0 
0 -1 0 0 
0 0 -1 0 
0 0 0 -1 

5 0 -2 -2 
0 -1 0 0 
-2 0 2 1 
14 0 -7 -6 

-4 -4 9 4 
-2 -3 4 2 
3 2 -4 -2 
-14 -14 28 13 

-2 -4 3 2 
-2 -3 4 2 
0 2 -2 -1 
-7 -14 14 8 

4 4 -9 -4 
2 3 -4 -2 
-3 -2 4 2 
14 14 -28 -13 

2 4 -3 -2 
2 3 -4 -2 
0 -2 2 1 
7 14 -14 -8 

0 -2 5 2 
1 0 0 0 
0 2 -2 -1 
0 -7 14 6 

-4 -2 3 2 
-2 0 2 1 
3 2 -4 -2 
-14 -7 14 8 

0 2 -5 -2 
-1 0 0 0 
0 -2 2 1 
0 7 -14 -6 

4 2 -3 -2 
2 0 -2 -1 
-3 -2 4 2 
14 7 -14 -8 

-3 -2 4 2 
-4 -2 3 2 
2 0 -2 -1 
-14 -7 14 8 

-5 -2 0 2 
-2 -2 0 1 
0 0 1 0 
-14 -7 0 6 

5 2 0 -2 
2 2 0 -1 
0 0 -1 0 
14 7 0 -6 

3 2 -4 -2 
4 2 -3 -2 
-2 0 2 1 
14 7 -14 -8 

0 0 -1 0 
1 0 0 0 
0 -1 0 0 
0 0 0 1 

-2 0 5 2 
-2 0 2 1 
0 -1 0 0 
-7 0 14 6 

0 0 1 0 
-1 0 0 0 
0 1 0 0 
0 0 0 -1 

2 0 -5 -2 
2 0 -2 -1 
0 1 0 0 
7 0 -14 -6 

-3 -4 2 2 
-2 -2 0 1 
4 3 -2 -2 
-14 -14 7 8 

-9 -4 4 4 
-4 -2 3 2 
4 3 -2 -2 
-28 -14 14 13 

3 4 -2 -2 
2 2 0 -1 
-4 -3 2 2 
14 14 -7 -8 

9 4 -4 -4 
4 2 -3 -2 
-4 -3 2 2 
28 14 -14 -13 


8 2

10

0 1 0 0 
-2 0 2 1 
5 0 -2 -2 
-14 0 7 6 

0 1 0 0 
-2 0 2 1 
-5 0 2 2 
14 0 -7 -6 

0 -1 0 0 
2 0 -2 -1 
5 0 -2 -2 
-14 0 7 6 

0 -1 0 0 
2 0 -2 -1 
-5 0 2 2 
14 0 -7 -6 

2 0 -2 -1 
0 1 0 0 
5 0 -2 -2 
-14 0 7 6 

2 0 -2 -1 
0 1 0 0 
-5 0 2 2 
14 0 -7 -6 

-5 0 2 2 
0 1 0 0 
2 0 -2 -1 
-14 0 7 6 

-2 0 2 1 
0 -1 0 0 
5 0 -2 -2 
-14 0 7 6 

-2 0 2 1 
0 -1 0 0 
-5 0 2 2 
14 0 -7 -6 

5 0 -2 -2 
0 -1 0 0 
-2 0 2 1 
14 0 -7 -6 


8 3

10

5 0 -2 -2 
-2 0 2 1 
0 1 0 0 
14 0 -7 -6 

-5 0 2 2 
-2 0 2 1 
0 1 0 0 
-14 0 7 6 

5 0 -2 -2 
2 0 -2 -1 
0 -1 0 0 
14 0 -7 -6 

-5 0 2 2 
2 0 -2 -1 
0 -1 0 0 
-14 0 7 6 

-5 0 2 2 
0 1 0 0 
2 0 -2 -1 
-14 0 7 6 

5 0 -2 -2 
0 1 0 0 
2 0 -2 -1 
14 0 -7 -6 

1 0 0 0 
0 1 0 0 
0 0 1 0 
0 0 0 1 

5 0 -2 -2 
0 -1 0 0 
-2 0 2 1 
14 0 -7 -6 

-5 0 2 2 
0 -1 0 0 
-2 0 2 1 
-14 0 7 6 

-1 0 0 0 
0 -1 0 0 
0 0 -1 0 
0 0 0 -1 


8 4

22

-3 2 4 2 
-2 0 2 1 
4 -2 -3 -2 
-14 7 14 8 

3 2 -4 -2 
-2 0 2 1 
-4 -2 3 2 
14 7 -14 -8 

4 -2 -3 -2 
-2 0 2 1 
-3 2 4 2 
14 -7 -14 -8 

5 0 -2 -2 
-2 0 2 1 
0 1 0 0 
14 0 -7 -6 

-5 0 2 2 
-2 0 2 1 
0 1 0 0 
-14 0 7 6 

-4 -2 3 2 
-2 0 2 1 
3 2 -4 -2 
-14 -7 14 8 

3 -2 -4 -2 
2 0 -2 -1 
-4 2 3 2 
14 -7 -14 -8 

-3 -2 4 2 
2 0 -2 -1 
4 2 -3 -2 
-14 -7 14 8 

-4 2 3 2 
2 0 -2 -1 
3 -2 -4 -2 
-14 7 14 8 

5 0 -2 -2 
2 0 -2 -1 
0 -1 0 0 
14 0 -7 -6 

-5 0 2 2 
2 0 -2 -1 
0 -1 0 0 
-14 0 7 6 

4 2 -3 -2 
2 0 -2 -1 
-3 -2 4 2 
14 7 -14 -8 

-5 0 2 2 
0 1 0 0 
2 0 -2 -1 
-14 0 7 6 

5 0 -2 -2 
0 1 0 0 
2 0 -2 -1 
14 0 -7 -6 

0 0 1 0 
0 1 0 0 
1 0 0 0 
0 0 0 -1 

7 0 -8 -4 
0 1 0 0 
-8 0 7 4 
28 0 -28 -15 

1 0 0 0 
0 1 0 0 
0 0 1 0 
0 0 0 1 

5 0 -2 -2 
0 -1 0 0 
-2 0 2 1 
14 0 -7 -6 

-5 0 2 2 
0 -1 0 0 
-2 0 2 1 
-14 0 7 6 

0 0 -1 0 
0 -1 0 0 
-1 0 0 0 
0 0 0 1 

-7 0 8 4 
0 -1 0 0 
8 0 -7 -4 
-28 0 28 15 

-1 0 0 0 
0 -1 0 0 
0 0 -1 0 
0 0 0 -1 


8 5

8

2 0 -2 -1 
0 1 0 0 
5 0 -2 -2 
-14 0 7 6 

2 0 -2 -1 
0 1 0 0 
-5 0 2 2 
14 0 -7 -6 

-2 0 2 1 
0 -1 0 0 
5 0 -2 -2 
-14 0 7 6 

-2 0 2 1 
0 -1 0 0 
-5 0 2 2 
14 0 -7 -6 

0 1 0 0 
-2 0 2 1 
5 0 -2 -2 
-14 0 7 6 

0 1 0 0 
-2 0 2 1 
-5 0 2 2 
14 0 -7 -6 

0 -1 0 0 
2 0 -2 -1 
5 0 -2 -2 
-14 0 7 6 

0 -1 0 0 
2 0 -2 -1 
-5 0 2 2 
14 0 -7 -6 


8 6

8

1 0 0 0 
0 0 -1 0 
0 1 0 0 
0 0 0 1 

-5 0 2 2 
-2 0 2 1 
0 1 0 0 
-14 0 7 6 

5 0 -2 -2 
2 0 -2 -1 
0 -1 0 0 
14 0 -7 -6 

-1 0 0 0 
0 0 1 0 
0 -1 0 0 
0 0 0 -1 

5 0 -2 -2 
0 -1 0 0 
-2 0 2 1 
14 0 -7 -6 

3 2 -4 -2 
4 2 -3 -2 
-2 0 2 1 
14 7 -14 -8 

-5 0 2 2 
0 1 0 0 
2 0 -2 -1 
-14 0 7 6 

-3 -2 4 2 
-4 -2 3 2 
2 0 -2 -1 
-14 -7 14 8 


8 7

16

4 -2 -3 -2 
-2 0 2 1 
-3 2 4 2 
14 -7 -14 -8 

-4 -2 3 2 
-2 0 2 1 
3 2 -4 -2 
-14 -7 14 8 

-3 2 4 2 
-2 0 2 1 
4 -2 -3 -2 
-14 7 14 8 

3 2 -4 -2 
-2 0 2 1 
-4 -2 3 2 
14 7 -14 -8 

-3 -2 4 2 
2 0 -2 -1 
4 2 -3 -2 
-14 -7 14 8 

3 -2 -4 -2 
2 0 -2 -1 
-4 2 3 2 
14 -7 -14 -8 

4 2 -3 -2 
2 0 -2 -1 
-3 -2 4 2 
14 7 -14 -8 

-4 2 3 2 
2 0 -2 -1 
3 -2 -4 -2 
-14 7 14 8 

1 0 0 0 
0 1 0 0 
0 0 1 0 
0 0 0 1 

7 0 -8 -4 
0 1 0 0 
-8 0 7 4 
28 0 -28 -15 

0 0 1 0 
0 1 0 0 
1 0 0 0 
0 0 0 -1 

-8 0 7 4 
0 1 0 0 
7 0 -8 -4 
-28 0 28 15 

8 0 -7 -4 
0 -1 0 0 
-7 0 8 4 
28 0 -28 -15 

0 0 -1 0 
0 -1 0 0 
-1 0 0 0 
0 0 0 1 

-7 0 8 4 
0 -1 0 0 
8 0 -7 -4 
-28 0 28 15 

-1 0 0 0 
0 -1 0 0 
0 0 -1 0 
0 0 0 -1 


8 8

16

4 -2 -3 -2 
-2 0 2 1 
-3 2 4 2 
14 -7 -14 -8 

-4 -2 3 2 
-2 0 2 1 
3 2 -4 -2 
-14 -7 14 8 

-3 2 4 2 
-2 0 2 1 
4 -2 -3 -2 
-14 7 14 8 

3 2 -4 -2 
-2 0 2 1 
-4 -2 3 2 
14 7 -14 -8 

-3 -2 4 2 
2 0 -2 -1 
4 2 -3 -2 
-14 -7 14 8 

3 -2 -4 -2 
2 0 -2 -1 
-4 2 3 2 
14 -7 -14 -8 

4 2 -3 -2 
2 0 -2 -1 
-3 -2 4 2 
14 7 -14 -8 

-4 2 3 2 
2 0 -2 -1 
3 -2 -4 -2 
-14 7 14 8 

1 0 0 0 
0 1 0 0 
0 0 1 0 
0 0 0 1 

7 0 -8 -4 
0 1 0 0 
-8 0 7 4 
28 0 -28 -15 

0 0 1 0 
0 1 0 0 
1 0 0 0 
0 0 0 -1 

-8 0 7 4 
0 1 0 0 
7 0 -8 -4 
-28 0 28 15 

8 0 -7 -4 
0 -1 0 0 
-7 0 8 4 
28 0 -28 -15 

0 0 -1 0 
0 -1 0 0 
-1 0 0 0 
0 0 0 1 

-7 0 8 4 
0 -1 0 0 
8 0 -7 -4 
-28 0 28 15 

-1 0 0 0 
0 -1 0 0 
0 0 -1 0 
0 0 0 -1 


8 9

14

3 2 -4 -2 
-2 0 2 1 
-4 -2 3 2 
14 7 -14 -8 

5 0 -2 -2 
-2 0 2 1 
0 1 0 0 
14 0 -7 -6 

-5 0 2 2 
-2 0 2 1 
0 1 0 0 
-14 0 7 6 

-3 2 4 2 
-2 0 2 1 
4 -2 -3 -2 
-14 7 14 8 

-5 0 2 2 
2 0 -2 -1 
0 -1 0 0 
-14 0 7 6 

-3 -2 4 2 
2 0 -2 -1 
4 2 -3 -2 
-14 -7 14 8 

3 -2 -4 -2 
2 0 -2 -1 
-4 2 3 2 
14 -7 -14 -8 

5 0 -2 -2 
2 0 -2 -1 
0 -1 0 0 
14 0 -7 -6 

5 0 -2 -2 
0 1 0 0 
2 0 -2 -1 
14 0 -7 -6 

1 0 0 0 
0 1 0 0 
0 0 1 0 
0 0 0 1 

-5 0 2 2 
0 1 0 0 
2 0 -2 -1 
-14 0 7 6 

-1 0 0 0 
0 -1 0 0 
0 0 -1 0 
0 0 0 -1 

5 0 -2 -2 
0 -1 0 0 
-2 0 2 1 
14 0 -7 -6 

-5 0 2 2 
0 -1 0 0 
-2 0 2 1 
-14 0 7 6 


9 2

4

2 0 -2 -1 
0 1 0 0 
-5 0 2 2 
14 0 -7 -6 

-5 0 2 2 
0 1 0 0 
2 0 -2 -1 
-14 0 7 6 

-2 0 2 1 
0 -1 0 0 
5 0 -2 -2 
-14 0 7 6 

5 0 -2 -2 
0 -1 0 0 
-2 0 2 1 
14 0 -7 -6 


9 3

4

-5 0 2 2 
0 1 0 0 
2 0 -2 -1 
-14 0 7 6 

1 0 0 0 
0 1 0 0 
0 0 1 0 
0 0 0 1 

5 0 -2 -2 
0 -1 0 0 
-2 0 2 1 
14 0 -7 -6 

-1 0 0 0 
0 -1 0 0 
0 0 -1 0 
0 0 0 -1 


9 4

16

3 2 -4 -2 
-2 0 2 1 
-4 -2 3 2 
14 7 -14 -8 

5 0 -2 -2 
-2 0 2 1 
0 1 0 0 
14 0 -7 -6 

-3 -2 4 2 
2 0 -2 -1 
4 2 -3 -2 
-14 -7 14 8 

-5 0 2 2 
2 0 -2 -1 
0 -1 0 0 
-14 0 7 6 

1 0 0 0 
0 0 1 0 
0 -1 0 0 
0 0 0 1 

-5 -2 0 2 
0 0 1 0 
2 2 0 -1 
-14 -7 0 6 

-1 0 0 0 
0 0 -1 0 
0 1 0 0 
0 0 0 -1 

5 2 0 -2 
0 0 -1 0 
-2 -2 0 1 
14 7 0 -6 

0 0 1 0 
0 1 0 0 
1 0 0 0 
0 0 0 -1 

2 0 -2 -1 
0 1 0 0 
-5 0 2 2 
14 0 -7 -6 

-5 0 2 2 
0 1 0 0 
2 0 -2 -1 
-14 0 7 6 

1 0 0 0 
0 1 0 0 
0 0 1 0 
0 0 0 1 

0 0 -1 0 
0 -1 0 0 
-1 0 0 0 
0 0 0 1 

-2 0 2 1 
0 -1 0 0 
5 0 -2 -2 
-14 0 7 6 

5 0 -2 -2 
0 -1 0 0 
-2 0 2 1 
14 0 -7 -6 

-1 0 0 0 
0 -1 0 0 
0 0 -1 0 
0 0 0 -1 


9 5

16

2 0 -2 -1 
0 1 0 0 
-5 0 2 2 
14 0 -7 -6 

0 0 1 0 
0 1 0 0 
1 0 0 0 
0 0 0 -1 

0 0 1 0 
0 1 0 0 
-1 0 0 0 
0 0 0 1 

2 0 -2 -1 
0 1 0 0 
5 0 -2 -2 
-14 0 7 6 

0 0 -1 0 
0 -1 0 0 
-1 0 0 0 
0 0 0 1 

-2 0 2 1 
0 -1 0 0 
5 0 -2 -2 
-14 0 7 6 

0 0 -1 0 
0 -1 0 0 
1 0 0 0 
0 0 0 -1 

-2 0 2 1 
0 -1 0 0 
-5 0 2 2 
14 0 -7 -6 

0 1 0 0 
-2 0 2 1 
5 0 -2 -2 
-14 0 7 6 

0 1 0 0 
0 0 -1 0 
-1 0 0 0 
0 0 0 1 

0 1 0 0 
0 0 -1 0 
1 0 0 0 
0 0 0 -1 

0 1 0 0 
-2 0 2 1 
-5 0 2 2 
14 0 -7 -6 

0 -1 0 0 
2 0 -2 -1 
-5 0 2 2 
14 0 -7 -6 

0 -1 0 0 
0 0 1 0 
1 0 0 0 
0 0 0 -1 

0 -1 0 0 
0 0 1 0 
-1 0 0 0 
0 0 0 1 

0 -1 0 0 
2 0 -2 -1 
5 0 -2 -2 
-14 0 7 6 


9 6

14

-2 0 2 1 
-5 0 2 2 
0 -1 0 0 
-14 0 7 6 

2 0 -2 -1 
5 0 -2 -2 
0 1 0 0 
14 0 -7 -6 

1 0 0 0 
0 0 -1 0 
0 1 0 0 
0 0 0 1 

-5 0 2 2 
-2 0 2 1 
0 1 0 0 
-14 0 7 6 

-1 0 0 0 
0 0 1 0 
0 -1 0 0 
0 0 0 -1 

5 0 -2 -2 
2 0 -2 -1 
0 -1 0 0 
14 0 -7 -6 

-3 -2 4 2 
-4 -2 3 2 
2 0 -2 -1 
-14 -7 14 8 

-5 0 2 2 
0 1 0 0 
2 0 -2 -1 
-14 0 7 6 

1 0 0 0 
0 1 0 0 
0 0 1 0 
0 0 0 1 

-5 -2 0 2 
-2 -2 0 1 
0 0 1 0 
-14 -7 0 6 

-1 0 0 0 
0 -1 0 0 
0 0 -1 0 
0 0 0 -1 

5 2 0 -2 
2 2 0 -1 
0 0 -1 0 
14 7 0 -6 

3 2 -4 -2 
4 2 -3 -2 
-2 0 2 1 
14 7 -14 -8 

5 0 -2 -2 
0 -1 0 0 
-2 0 2 1 
14 0 -7 -6 


9 7

10

-4 -2 3 2 
-2 0 2 1 
3 2 -4 -2 
-14 -7 14 8 

4 2 -3 -2 
2 0 -2 -1 
-3 -2 4 2 
14 7 -14 -8 

2 2 0 -1 
0 0 1 0 
-5 -2 0 2 
14 7 0 -6 

-2 -2 0 1 
0 0 -1 0 
5 2 0 -2 
-14 -7 0 6 

1 0 0 0 
0 1 0 0 
0 0 1 0 
0 0 0 1 

2 0 -2 -1 
0 1 0 0 
-5 0 2 2 
14 0 -7 -6 

-5 0 2 2 
0 1 0 0 
2 0 -2 -1 
-14 0 7 6 

-1 0 0 0 
0 -1 0 0 
0 0 -1 0 
0 0 0 -1 

5 0 -2 -2 
0 -1 0 0 
-2 0 2 1 
14 0 -7 -6 

-2 0 2 1 
0 -1 0 0 
5 0 -2 -2 
-14 0 7 6 


9 8

14

3 -2 -4 -2 
2 0 -2 -1 
-4 2 3 2 
14 -7 -14 -8 

5 -2 0 -2 
0 0 1 0 
-2 2 0 1 
14 -7 0 -6 

-5 -2 0 2 
0 0 1 0 
2 2 0 -1 
-14 -7 0 6 

-3 -2 4 2 
2 0 -2 -1 
4 2 -3 -2 
-14 -7 14 8 

-5 2 0 2 
0 0 -1 0 
2 -2 0 -1 
-14 7 0 6 

-3 2 4 2 
-2 0 2 1 
4 -2 -3 -2 
-14 7 14 8 

3 2 -4 -2 
-2 0 2 1 
-4 -2 3 2 
14 7 -14 -8 

5 2 0 -2 
0 0 -1 0 
-2 -2 0 1 
14 7 0 -6 

5 0 2 -2 
0 1 0 0 
-2 0 -2 1 
14 0 7 -6 

1 0 0 0 
0 1 0 0 
0 0 1 0 
0 0 0 1 

-5 0 2 2 
0 1 0 0 
2 0 -2 -1 
-14 0 7 6 

-1 0 0 0 
0 -1 0 0 
0 0 -1 0 
0 0 0 -1 

5 0 -2 -2 
0 -1 0 0 
-2 0 2 1 
14 0 -7 -6 

-5 0 -2 2 
0 -1 0 0 
2 0 2 -1 
-14 0 -7 6 


9 9

10

-3 -2 4 2 
-4 -2 3 2 
2 0 -2 -1 
-14 -7 14 8 

3 2 -4 -2 
4 2 -3 -2 
-2 0 2 1 
14 7 -14 -8 

3 4 -2 -2 
2 2 0 -1 
-4 -3 2 2 
14 14 -7 -8 

5 2 0 -2 
2 2 0 -1 
0 0 -1 0 
14 7 0 -6 

-3 -4 2 2 
-2 -2 0 1 
4 3 -2 -2 
-14 -14 7 8 

-5 -2 0 2 
-2 -2 0 1 
0 0 1 0 
-14 -7 0 6 

-5 0 2 2 
0 1 0 0 
2 0 -2 -1 
-14 0 7 6 

1 0 0 0 
0 1 0 0 
0 0 1 0 
0 0 0 1 

5 0 -2 -2 
0 -1 0 0 
-2 0 2 1 
14 0 -7 -6 

-1 0 0 0 
0 -1 0 0 
0 0 -1 0 
0 0 0 -1 


9 10

16

-3 -2 4 2 
-4 -2 3 2 
2 0 -2 -1 
-14 -7 14 8 

3 2 -4 -2 
4 2 -3 -2 
-2 0 2 1 
14 7 -14 -8 

-5 -2 0 2 
-2 -2 0 1 
0 0 1 0 
-14 -7 0 6 

5 2 0 -2 
2 2 0 -1 
0 0 -1 0 
14 7 0 -6 

1 0 0 0 
0 1 0 0 
0 0 1 0 
0 0 0 1 

-1 0 0 0 
0 -1 0 0 
0 0 -1 0 
0 0 0 -1 

-5 0 2 2 
0 1 0 0 
2 0 -2 -1 
-14 0 7 6 

5 0 -2 -2 
0 -1 0 0 
-2 0 2 1 
14 0 -7 -6 

0 0 -1 0 
1 0 0 0 
0 -1 0 0 
0 0 0 1 

-4 -3 2 2 
-9 -4 4 4 
4 2 -3 -2 
-28 -14 14 13 

-2 0 2 1 
-5 0 2 2 
0 -1 0 0 
-14 0 7 6 

0 0 -1 0 
-5 -2 0 2 
2 2 0 -1 
-14 -7 0 6 

0 0 1 0 
-1 0 0 0 
0 1 0 0 
0 0 0 -1 

2 0 -2 -1 
5 0 -2 -2 
0 1 0 0 
14 0 -7 -6 

4 3 -2 -2 
9 4 -4 -4 
-4 -2 3 2 
28 14 -14 -13 

0 0 1 0 
5 2 0 -2 
-2 -2 0 1 
14 7 0 -6 


9 11

12

0 1 0 0 
-2 0 2 1 
5 0 -2 -2 
-14 0 7 6 

0 1 0 0 
0 0 -1 0 
-1 0 0 0 
0 0 0 1 

0 -1 0 0 
0 0 1 0 
1 0 0 0 
0 0 0 -1 

0 -1 0 0 
2 0 -2 -1 
-5 0 2 2 
14 0 -7 -6 

2 0 -2 -1 
5 0 -2 -2 
0 1 0 0 
14 0 -7 -6 

0 0 1 0 
-1 0 0 0 
0 1 0 0 
0 0 0 -1 

-2 0 2 1 
-5 0 2 2 
0 -1 0 0 
-14 0 7 6 

0 0 -1 0 
1 0 0 0 
0 -1 0 0 
0 0 0 1 

-5 0 2 2 
0 1 0 0 
2 0 -2 -1 
-14 0 7 6 

1 0 0 0 
0 1 0 0 
0 0 1 0 
0 0 0 1 

-1 0 0 0 
0 -1 0 0 
0 0 -1 0 
0 0 0 -1 

5 0 -2 -2 
0 -1 0 0 
-2 0 2 1 
14 0 -7 -6 


9 12

12

1 0 0 0 
0 1 0 0 
0 0 1 0 
0 0 0 1 

-5 0 2 2 
0 1 0 0 
2 0 -2 -1 
-14 0 7 6 

-1 0 0 0 
0 -1 0 0 
0 0 -1 0 
0 0 0 -1 

5 0 -2 -2 
0 -1 0 0 
-2 0 2 1 
14 0 -7 -6 

-5 -2 0 2 
-2 -2 0 1 
0 0 1 0 
-14 -7 0 6 

-3 -2 4 2 
-4 -2 3 2 
2 0 -2 -1 
-14 -7 14 8 

5 2 0 -2 
2 2 0 -1 
0 0 -1 0 
14 7 0 -6 

3 2 -4 -2 
4 2 -3 -2 
-2 0 2 1 
14 7 -14 -8 

-9 -4 4 4 
-4 -2 3 2 
4 3 -2 -2 
-28 -14 14 13 

-3 -4 2 2 
-2 -2 0 1 
4 3 -2 -2 
-14 -14 7 8 

9 4 -4 -4 
4 2 -3 -2 
-4 -3 2 2 
28 14 -14 -13 

3 4 -2 -2 
2 2 0 -1 
-4 -3 2 2 
14 14 -7 -8 


10 2

2

0 -1 0 0 
0 0 1 0 
1 0 0 0 
0 0 0 -1 

0 1 0 0 
0 0 -1 0 
-1 0 0 0 
0 0 0 1 


10 3

10

-3 -4 2 2 
-2 -2 0 1 
4 3 -2 -2 
-14 -14 7 8 

0 0 -1 0 
1 0 0 0 
0 -1 0 0 
0 0 0 1 

3 4 -2 -2 
2 2 0 -1 
-4 -3 2 2 
14 14 -7 -8 

0 0 1 0 
-1 0 0 0 
0 1 0 0 
0 0 0 -1 

-1 0 0 0 
0 -1 0 0 
0 0 -1 0 
0 0 0 -1 

1 0 0 0 
0 1 0 0 
0 0 1 0 
0 0 0 1 

0 1 0 0 
0 0 -1 0 
-1 0 0 0 
0 0 0 1 

-4 -3 2 2 
-3 -4 2 2 
2 2 0 -1 
-14 -14 7 8 

0 -1 0 0 
0 0 1 0 
1 0 0 0 
0 0 0 -1 

4 3 -2 -2 
3 4 -2 -2 
-2 -2 0 1 
14 14 -7 -8 


10 4

6

1 0 0 0 
0 0 1 0 
0 -1 0 0 
0 0 0 1 

-1 0 0 0 
0 0 -1 0 
0 1 0 0 
0 0 0 -1 

-4 -3 2 2 
2 2 0 -1 
3 4 -2 -2 
-14 -14 7 8 

4 3 -2 -2 
-2 -2 0 1 
-3 -4 2 2 
14 14 -7 -8 

0 -1 0 0 
0 0 1 0 
1 0 0 0 
0 0 0 -1 

0 1 0 0 
0 0 -1 0 
-1 0 0 0 
0 0 0 1 


10 6

24

-3 -4 2 2 
-2 -2 0 1 
4 3 -2 -2 
-14 -14 7 8 

0 0 -1 0 
1 0 0 0 
0 -1 0 0 
0 0 0 1 

3 4 -2 -2 
2 2 0 -1 
-4 -3 2 2 
14 14 -7 -8 

0 0 1 0 
-1 0 0 0 
0 1 0 0 
0 0 0 -1 

-3 -2 4 2 
-4 -2 3 2 
2 0 -2 -1 
-14 -7 14 8 

3 2 -4 -2 
4 2 -3 -2 
-2 0 2 1 
14 7 -14 -8 

-5 -2 0 2 
-2 -2 0 1 
0 0 1 0 
-14 -7 0 6 

5 2 0 -2 
2 2 0 -1 
0 0 -1 0 
14 7 0 -6 

1 0 0 0 
0 1 0 0 
0 0 1 0 
0 0 0 1 

-2 -4 3 2 
-2 -3 4 2 
0 2 -2 -1 
-7 -14 14 8 

-2 -2 0 1 
-4 -3 2 2 
3 4 -2 -2 
-14 -14 7 8 

-1 0 0 0 
0 -1 0 0 
0 0 -1 0 
0 0 0 -1 

2 4 -3 -2 
2 3 -4 -2 
0 -2 2 1 
7 14 -14 -8 

2 2 0 -1 
4 3 -2 -2 
-3 -4 2 2 
14 14 -7 -8 

-4 -3 2 2 
-3 -4 2 2 
2 2 0 -1 
-14 -14 7 8 

0 1 0 0 
0 0 -1 0 
-1 0 0 0 
0 0 0 1 

0 -5 2 2 
0 -2 2 1 
-1 0 0 0 
0 -14 7 6 

-2 -3 4 2 
0 -2 2 1 
2 4 -3 -2 
-7 -14 14 8 

-2 -5 0 2 
0 0 -1 0 
2 2 0 -1 
-7 -14 0 6 

2 5 0 -2 
0 0 1 0 
-2 -2 0 1 
7 14 0 -6 

4 3 -2 -2 
3 4 -2 -2 
-2 -2 0 1 
14 14 -7 -8 

0 -1 0 0 
0 0 1 0 
1 0 0 0 
0 0 0 -1 

0 5 -2 -2 
0 2 -2 -1 
1 0 0 0 
0 14 -7 -6 

2 3 -4 -2 
0 2 -2 -1 
-2 -4 3 2 
7 14 -14 -8 


10 7

12

4 2 -3 -2 
2 0 -2 -1 
-3 -2 4 2 
14 7 -14 -8 

-4 -2 3 2 
-2 0 2 1 
3 2 -4 -2 
-14 -7 14 8 

-1 0 0 0 
0 -1 0 0 
0 0 -1 0 
0 0 0 -1 

1 0 0 0 
0 1 0 0 
0 0 1 0 
0 0 0 1 

0 0 -1 0 
1 0 0 0 
0 -1 0 0 
0 0 0 1 

-3 -4 2 2 
-2 -2 0 1 
4 3 -2 -2 
-14 -14 7 8 

3 4 -2 -2 
2 2 0 -1 
-4 -3 2 2 
14 14 -7 -8 

0 0 1 0 
-1 0 0 0 
0 1 0 0 
0 0 0 -1 

-2 -3 4 2 
0 -2 2 1 
2 4 -3 -2 
-7 -14 14 8 

0 1 0 0 
0 0 -1 0 
-1 0 0 0 
0 0 0 1 

2 3 -4 -2 
0 2 -2 -1 
-2 -4 3 2 
7 14 -14 -8 

0 -1 0 0 
0 0 1 0 
1 0 0 0 
0 0 0 -1 


10 9

16

-3 -4 2 2 
-2 -2 0 1 
4 3 -2 -2 
-14 -14 7 8 

3 4 -2 -2 
2 2 0 -1 
-4 -3 2 2 
14 14 -7 -8 

-5 -2 0 2 
-2 -2 0 1 
0 0 1 0 
-14 -7 0 6 

5 2 0 -2 
2 2 0 -1 
0 0 -1 0 
14 7 0 -6 

1 0 0 0 
0 1 0 0 
0 0 1 0 
0 0 0 1 

-1 0 0 0 
0 -1 0 0 
0 0 -1 0 
0 0 0 -1 

-5 0 2 2 
0 1 0 0 
2 0 -2 -1 
-14 0 7 6 

5 0 -2 -2 
0 -1 0 0 
-2 0 2 1 
14 0 -7 -6 

0 1 0 0 
0 0 -1 0 
-1 0 0 0 
0 0 0 1 

-4 -9 4 4 
-3 -4 2 2 
2 4 -3 -2 
-14 -28 14 13 

-2 -5 0 2 
0 0 -1 0 
2 2 0 -1 
-7 -14 0 6 

0 -5 2 2 
0 -2 2 1 
-1 0 0 0 
0 -14 7 6 

0 -1 0 0 
0 0 1 0 
1 0 0 0 
0 0 0 -1 

2 5 0 -2 
0 0 1 0 
-2 -2 0 1 
7 14 0 -6 

4 9 -4 -4 
3 4 -2 -2 
-2 -4 3 2 
14 28 -14 -13 

0 5 -2 -2 
0 2 -2 -1 
1 0 0 0 
0 14 -7 -6 


10 10

24

-2 -3 4 2 
0 -2 2 1 
2 4 -3 -2 
-7 -14 14 8 

-3 -4 2 2 
-2 -2 0 1 
4 3 -2 -2 
-14 -14 7 8 

-4 -2 3 2 
-2 0 2 1 
3 2 -4 -2 
-14 -7 14 8 

2 3 -4 -2 
0 2 -2 -1 
-2 -4 3 2 
7 14 -14 -8 

3 4 -2 -2 
2 2 0 -1 
-4 -3 2 2 
14 14 -7 -8 

4 2 -3 -2 
2 0 -2 -1 
-3 -2 4 2 
14 7 -14 -8 

-3 -2 4 2 
-4 -2 3 2 
2 0 -2 -1 
-14 -7 14 8 

0 -2 2 1 
-2 -4 3 2 
2 3 -4 -2 
-7 -14 14 8 

0 1 0 0 
0 0 -1 0 
-1 0 0 0 
0 0 0 1 

3 2 -4 -2 
4 2 -3 -2 
-2 0 2 1 
14 7 -14 -8 

0 2 -2 -1 
2 4 -3 -2 
-2 -3 4 2 
7 14 -14 -8 

0 -1 0 0 
0 0 1 0 
1 0 0 0 
0 0 0 -1 

0 0 -1 0 
1 0 0 0 
0 -1 0 0 
0 0 0 1 

-2 0 2 1 
-3 -2 4 2 
4 2 -3 -2 
-14 -7 14 8 

-4 -3 2 2 
-3 -4 2 2 
2 2 0 -1 
-14 -14 7 8 

0 0 1 0 
-1 0 0 0 
0 1 0 0 
0 0 0 -1 

2 0 -2 -1 
3 2 -4 -2 
-4 -2 3 2 
14 7 -14 -8 

4 3 -2 -2 
3 4 -2 -2 
-2 -2 0 1 
14 14 -7 -8 

-2 -2 0 1 
-4 -3 2 2 
3 4 -2 -2 
-14 -14 7 8 

1 0 0 0 
0 1 0 0 
0 0 1 0 
0 0 0 1 

-2 -4 3 2 
-2 -3 4 2 
0 2 -2 -1 
-7 -14 14 8 

2 2 0 -1 
4 3 -2 -2 
-3 -4 2 2 
14 14 -7 -8 

-1 0 0 0 
0 -1 0 0 
0 0 -1 0 
0 0 0 -1 

2 4 -3 -2 
2 3 -4 -2 
0 -2 2 1 
7 14 -14 -8 


10 11

24

3 2 -4 -2 
4 2 -3 -2 
-2 0 2 1 
14 7 -14 -8 

2 0 -2 -1 
3 2 -4 -2 
-4 -2 3 2 
14 7 -14 -8 

4 2 -3 -2 
2 0 -2 -1 
-3 -2 4 2 
14 7 -14 -8 

-3 -2 4 2 
-4 -2 3 2 
2 0 -2 -1 
-14 -7 14 8 

-2 0 2 1 
-3 -2 4 2 
4 2 -3 -2 
-14 -7 14 8 

-4 -2 3 2 
-2 0 2 1 
3 2 -4 -2 
-14 -7 14 8 

0 0 -1 0 
1 0 0 0 
0 -1 0 0 
0 0 0 1 

-3 -4 2 2 
-2 -2 0 1 
4 3 -2 -2 
-14 -14 7 8 

0 -2 2 1 
-2 -4 3 2 
2 3 -4 -2 
-7 -14 14 8 

0 0 1 0 
-1 0 0 0 
0 1 0 0 
0 0 0 -1 

3 4 -2 -2 
2 2 0 -1 
-4 -3 2 2 
14 14 -7 -8 

0 2 -2 -1 
2 4 -3 -2 
-2 -3 4 2 
7 14 -14 -8 

2 2 0 -1 
4 3 -2 -2 
-3 -4 2 2 
14 14 -7 -8 

2 4 -3 -2 
2 3 -4 -2 
0 -2 2 1 
7 14 -14 -8 

-1 0 0 0 
0 -1 0 0 
0 0 -1 0 
0 0 0 -1 

-2 -2 0 1 
-4 -3 2 2 
3 4 -2 -2 
-14 -14 7 8 

-2 -4 3 2 
-2 -3 4 2 
0 2 -2 -1 
-7 -14 14 8 

1 0 0 0 
0 1 0 0 
0 0 1 0 
0 0 0 1 

2 3 -4 -2 
0 2 -2 -1 
-2 -4 3 2 
7 14 -14 -8 

0 -1 0 0 
0 0 1 0 
1 0 0 0 
0 0 0 -1 

4 3 -2 -2 
3 4 -2 -2 
-2 -2 0 1 
14 14 -7 -8 

-2 -3 4 2 
0 -2 2 1 
2 4 -3 -2 
-7 -14 14 8 

0 1 0 0 
0 0 -1 0 
-1 0 0 0 
0 0 0 1 

-4 -3 2 2 
-3 -4 2 2 
2 2 0 -1 
-14 -14 7 8 


10 12

30

-3 -4 2 2 
-2 -2 0 1 
4 3 -2 -2 
-14 -14 7 8 

0 0 -1 0 
1 0 0 0 
0 -1 0 0 
0 0 0 1 

3 4 -2 -2 
2 2 0 -1 
-4 -3 2 2 
14 14 -7 -8 

0 0 1 0 
-1 0 0 0 
0 1 0 0 
0 0 0 -1 

-9 -4 4 4 
-4 -2 3 2 
4 3 -2 -2 
-28 -14 14 13 

9 4 -4 -4 
4 2 -3 -2 
-4 -3 2 2 
28 14 -14 -13 

1 0 0 0 
0 1 0 0 
0 0 1 0 
0 0 0 1 

-2 -4 3 2 
-2 -3 4 2 
0 2 -2 -1 
-7 -14 14 8 

2 4 -3 -2 
2 3 -4 -2 
0 -2 2 1 
7 14 -14 -8 

-1 0 0 0 
0 -1 0 0 
0 0 -1 0 
0 0 0 -1 

-5 0 2 2 
0 1 0 0 
2 0 -2 -1 
-14 0 7 6 

5 0 -2 -2 
0 -1 0 0 
-2 0 2 1 
14 0 -7 -6 

-3 -2 4 2 
-4 -2 3 2 
2 0 -2 -1 
-14 -7 14 8 

-4 -2 3 2 
-2 0 2 1 
3 2 -4 -2 
-14 -7 14 8 

3 2 -4 -2 
4 2 -3 -2 
-2 0 2 1 
14 7 -14 -8 

4 2 -3 -2 
2 0 -2 -1 
-3 -2 4 2 
14 7 -14 -8 

-5 -2 0 2 
-2 -2 0 1 
0 0 1 0 
-14 -7 0 6 

5 2 0 -2 
2 2 0 -1 
0 0 -1 0 
14 7 0 -6 

-4 -9 4 4 
-3 -4 2 2 
2 4 -3 -2 
-14 -28 14 13 

0 1 0 0 
0 0 -1 0 
-1 0 0 0 
0 0 0 1 

-2 -3 4 2 
0 -2 2 1 
2 4 -3 -2 
-7 -14 14 8 

0 -5 2 2 
0 -2 2 1 
-1 0 0 0 
0 -14 7 6 

-2 -5 0 2 
0 0 -1 0 
2 2 0 -1 
-7 -14 0 6 

-4 -3 2 2 
-3 -4 2 2 
2 2 0 -1 
-14 -14 7 8 

4 3 -2 -2 
3 4 -2 -2 
-2 -2 0 1 
14 14 -7 -8 

4 9 -4 -4 
3 4 -2 -2 
-2 -4 3 2 
14 28 -14 -13 

0 -1 0 0 
0 0 1 0 
1 0 0 0 
0 0 0 -1 

2 3 -4 -2 
0 2 -2 -1 
-2 -4 3 2 
7 14 -14 -8 

0 5 -2 -2 
0 2 -2 -1 
1 0 0 0 
0 14 -7 -6 

2 5 0 -2 
0 0 1 0 
-2 -2 0 1 
7 14 0 -6 


11 2

12

-1 0 0 0 
0 0 -1 0 
0 1 0 0 
0 0 0 -1 

0 0 1 0 
-1 0 0 0 
0 1 0 0 
0 0 0 -1 

0 0 -1 0 
1 0 0 0 
0 -1 0 0 
0 0 0 1 

1 0 0 0 
0 0 1 0 
0 -1 0 0 
0 0 0 1 

0 1 0 0 
0 0 -1 0 
-1 0 0 0 
0 0 0 1 

0 1 0 0 
-1 0 0 0 
0 0 1 0 
0 0 0 1 

0 -1 0 0 
0 0 1 0 
1 0 0 0 
0 0 0 -1 

0 -1 0 0 
1 0 0 0 
0 0 -1 0 
0 0 0 -1 

1 0 0 0 
0 1 0 0 
0 0 1 0 
0 0 0 1 

0 0 1 0 
0 1 0 0 
1 0 0 0 
0 0 0 -1 

0 0 -1 0 
0 -1 0 0 
-1 0 0 0 
0 0 0 1 

-1 0 0 0 
0 -1 0 0 
0 0 -1 0 
0 0 0 -1 


11 3

10

0 0 -1 0 
1 0 0 0 
0 -1 0 0 
0 0 0 1 

0 0 1 0 
-1 0 0 0 
0 1 0 0 
0 0 0 -1 

1 0 0 0 
0 0 1 0 
0 -1 0 0 
0 0 0 1 

0 -1 0 0 
0 0 1 0 
1 0 0 0 
0 0 0 -1 

-1 0 0 0 
0 0 -1 0 
0 1 0 0 
0 0 0 -1 

0 1 0 0 
0 0 -1 0 
-1 0 0 0 
0 0 0 1 

0 0 1 0 
0 1 0 0 
1 0 0 0 
0 0 0 -1 

1 0 0 0 
0 1 0 0 
0 0 1 0 
0 0 0 1 

-1 0 0 0 
0 -1 0 0 
0 0 -1 0 
0 0 0 -1 

0 0 -1 0 
0 -1 0 0 
-1 0 0 0 
0 0 0 1 


11 4

12

0 -1 0 0 
1 0 0 0 
0 0 -1 0 
0 0 0 -1 

0 0 -1 0 
1 0 0 0 
0 -1 0 0 
0 0 0 1 

0 0 1 0 
-1 0 0 0 
0 1 0 0 
0 0 0 -1 

0 1 0 0 
-1 0 0 0 
0 0 1 0 
0 0 0 1 

1 0 0 0 
0 0 1 0 
0 -1 0 0 
0 0 0 1 

0 -1 0 0 
0 0 1 0 
1 0 0 0 
0 0 0 -1 

-1 0 0 0 
0 0 -1 0 
0 1 0 0 
0 0 0 -1 

0 1 0 0 
0 0 -1 0 
-1 0 0 0 
0 0 0 1 

0 0 1 0 
0 1 0 0 
1 0 0 0 
0 0 0 -1 

1 0 0 0 
0 1 0 0 
0 0 1 0 
0 0 0 1 

-1 0 0 0 
0 -1 0 0 
0 0 -1 0 
0 0 0 -1 

0 0 -1 0 
0 -1 0 0 
-1 0 0 0 
0 0 0 1 


11 5

24

1 0 0 0 
0 0 1 0 
0 1 0 0 
0 0 0 -1 

-1 0 0 0 
0 0 -1 0 
0 1 0 0 
0 0 0 -1 

0 0 1 0 
-1 0 0 0 
0 1 0 0 
0 0 0 -1 

0 0 -1 0 
1 0 0 0 
0 1 0 0 
0 0 0 -1 

1 0 0 0 
0 0 1 0 
0 -1 0 0 
0 0 0 1 

-1 0 0 0 
0 0 -1 0 
0 -1 0 0 
0 0 0 1 

0 0 1 0 
-1 0 0 0 
0 -1 0 0 
0 0 0 1 

0 0 -1 0 
1 0 0 0 
0 -1 0 0 
0 0 0 1 

1 0 0 0 
0 1 0 0 
0 0 1 0 
0 0 0 1 

1 0 0 0 
0 1 0 0 
0 0 -1 0 
0 0 0 -1 

0 0 1 0 
0 1 0 0 
1 0 0 0 
0 0 0 -1 

0 0 1 0 
0 1 0 0 
-1 0 0 0 
0 0 0 1 

-1 0 0 0 
0 -1 0 0 
0 0 1 0 
0 0 0 1 

-1 0 0 0 
0 -1 0 0 
0 0 -1 0 
0 0 0 -1 

0 0 -1 0 
0 -1 0 0 
1 0 0 0 
0 0 0 -1 

0 0 -1 0 
0 -1 0 0 
-1 0 0 0 
0 0 0 1 

0 1 0 0 
-1 0 0 0 
0 0 1 0 
0 0 0 1 

0 1 0 0 
-1 0 0 0 
0 0 -1 0 
0 0 0 -1 

0 1 0 0 
0 0 -1 0 
1 0 0 0 
0 0 0 -1 

0 1 0 0 
0 0 -1 0 
-1 0 0 0 
0 0 0 1 

0 -1 0 0 
1 0 0 0 
0 0 1 0 
0 0 0 1 

0 -1 0 0 
1 0 0 0 
0 0 -1 0 
0 0 0 -1 

0 -1 0 0 
0 0 1 0 
1 0 0 0 
0 0 0 -1 

0 -1 0 0 
0 0 1 0 
-1 0 0 0 
0 0 0 1 


11 6

12

-2 -4 3 2 
-2 -3 4 2 
0 2 -2 -1 
-7 -14 14 8 

0 0 -1 0 
1 0 0 0 
0 -1 0 0 
0 0 0 1 

0 0 1 0 
-1 0 0 0 
0 1 0 0 
0 0 0 -1 

2 4 -3 -2 
2 3 -4 -2 
0 -2 2 1 
7 14 -14 -8 

4 3 -2 -2 
3 4 -2 -2 
-2 -2 0 1 
14 14 -7 -8 

0 -1 0 0 
0 0 1 0 
1 0 0 0 
0 0 0 -1 

-4 -3 2 2 
-3 -4 2 2 
2 2 0 -1 
-14 -14 7 8 

0 1 0 0 
0 0 -1 0 
-1 0 0 0 
0 0 0 1 

-1 0 0 0 
0 -1 0 0 
0 0 -1 0 
0 0 0 -1 

3 2 -4 -2 
4 2 -3 -2 
-2 0 2 1 
14 7 -14 -8 

-3 -2 4 2 
-4 -2 3 2 
2 0 -2 -1 
-14 -7 14 8 

1 0 0 0 
0 1 0 0 
0 0 1 0 
0 0 0 1 


11 7

12

2 3 -4 -2 
0 2 -2 -1 
-2 -4 3 2 
7 14 -14 -8 

-2 -3 4 2 
0 -2 2 1 
2 4 -3 -2 
-7 -14 14 8 

-4 -2 3 2 
-2 0 2 1 
3 2 -4 -2 
-14 -7 14 8 

4 2 -3 -2 
2 0 -2 -1 
-3 -2 4 2 
14 7 -14 -8 

3 4 -2 -2 
2 2 0 -1 
-4 -3 2 2 
14 14 -7 -8 

-3 -4 2 2 
-2 -2 0 1 
4 3 -2 -2 
-14 -14 7 8 

0 0 -1 0 
1 0 0 0 
0 -1 0 0 
0 0 0 1 

0 0 1 0 
-1 0 0 0 
0 1 0 0 
0 0 0 -1 

0 -1 0 0 
0 0 1 0 
1 0 0 0 
0 0 0 -1 

0 1 0 0 
0 0 -1 0 
-1 0 0 0 
0 0 0 1 

1 0 0 0 
0 1 0 0 
0 0 1 0 
0 0 0 1 

-1 0 0 0 
0 -1 0 0 
0 0 -1 0 
0 0 0 -1 


11 9

12

0 -2 5 2 
1 0 0 0 
0 2 -2 -1 
0 -7 14 6 

0 0 -1 0 
1 0 0 0 
0 -1 0 0 
0 0 0 1 

0 0 1 0 
-1 0 0 0 
0 1 0 0 
0 0 0 -1 

0 2 -5 -2 
-1 0 0 0 
0 -2 2 1 
0 7 -14 -6 

2 5 0 -2 
0 0 1 0 
-2 -2 0 1 
7 14 0 -6 

0 -1 0 0 
0 0 1 0 
1 0 0 0 
0 0 0 -1 

-2 -5 0 2 
0 0 -1 0 
2 2 0 -1 
-7 -14 0 6 

0 1 0 0 
0 0 -1 0 
-1 0 0 0 
0 0 0 1 

-5 0 2 2 
0 1 0 0 
2 0 -2 -1 
-14 0 7 6 

1 0 0 0 
0 1 0 0 
0 0 1 0 
0 0 0 1 

-1 0 0 0 
0 -1 0 0 
0 0 -1 0 
0 0 0 -1 

5 0 -2 -2 
0 -1 0 0 
-2 0 2 1 
14 0 -7 -6 


11 10

24

3 4 -2 -2 
2 2 0 -1 
-4 -3 2 2 
14 14 -7 -8 

2 3 -4 -2 
0 2 -2 -1 
-2 -4 3 2 
7 14 -14 -8 

4 2 -3 -2 
2 0 -2 -1 
-3 -2 4 2 
14 7 -14 -8 

-3 -4 2 2 
-2 -2 0 1 
4 3 -2 -2 
-14 -14 7 8 

-2 -3 4 2 
0 -2 2 1 
2 4 -3 -2 
-7 -14 14 8 

-4 -2 3 2 
-2 0 2 1 
3 2 -4 -2 
-14 -7 14 8 

0 1 0 0 
0 0 -1 0 
-1 0 0 0 
0 0 0 1 

-3 -2 4 2 
-4 -2 3 2 
2 0 -2 -1 
-14 -7 14 8 

0 -2 2 1 
-2 -4 3 2 
2 3 -4 -2 
-7 -14 14 8 

0 -1 0 0 
0 0 1 0 
1 0 0 0 
0 0 0 -1 

3 2 -4 -2 
4 2 -3 -2 
-2 0 2 1 
14 7 -14 -8 

0 2 -2 -1 
2 4 -3 -2 
-2 -3 4 2 
7 14 -14 -8 

2 4 -3 -2 
2 3 -4 -2 
0 -2 2 1 
7 14 -14 -8 

2 2 0 -1 
4 3 -2 -2 
-3 -4 2 2 
14 14 -7 -8 

-1 0 0 0 
0 -1 0 0 
0 0 -1 0 
0 0 0 -1 

-2 -4 3 2 
-2 -3 4 2 
0 2 -2 -1 
-7 -14 14 8 

-2 -2 0 1 
-4 -3 2 2 
3 4 -2 -2 
-14 -14 7 8 

1 0 0 0 
0 1 0 0 
0 0 1 0 
0 0 0 1 

2 0 -2 -1 
3 2 -4 -2 
-4 -2 3 2 
14 7 -14 -8 

0 0 1 0 
-1 0 0 0 
0 1 0 0 
0 0 0 -1 

4 3 -2 -2 
3 4 -2 -2 
-2 -2 0 1 
14 14 -7 -8 

-2 0 2 1 
-3 -2 4 2 
4 2 -3 -2 
-14 -7 14 8 

0 0 -1 0 
1 0 0 0 
0 -1 0 0 
0 0 0 1 

-4 -3 2 2 
-3 -4 2 2 
2 2 0 -1 
-14 -14 7 8 


11 11

6

0 0 -1 0 
1 0 0 0 
0 -1 0 0 
0 0 0 1 

0 0 1 0 
-1 0 0 0 
0 1 0 0 
0 0 0 -1 

0 -1 0 0 
0 0 1 0 
1 0 0 0 
0 0 0 -1 

0 1 0 0 
0 0 -1 0 
-1 0 0 0 
0 0 0 1 

1 0 0 0 
0 1 0 0 
0 0 1 0 
0 0 0 1 

-1 0 0 0 
0 -1 0 0 
0 0 -1 0 
0 0 0 -1 


11 12

36

0 1 0 0 
0 0 -1 0 
-1 0 0 0 
0 0 0 1 

0 -1 0 0 
0 0 1 0 
1 0 0 0 
0 0 0 -1 

-4 -9 4 4 
-3 -4 2 2 
2 4 -3 -2 
-14 -28 14 13 

4 9 -4 -4 
3 4 -2 -2 
-2 -4 3 2 
14 28 -14 -13 

-2 -3 4 2 
0 -2 2 1 
2 4 -3 -2 
-7 -14 14 8 

2 3 -4 -2 
0 2 -2 -1 
-2 -4 3 2 
7 14 -14 -8 

0 -5 2 2 
0 -2 2 1 
-1 0 0 0 
0 -14 7 6 

0 5 -2 -2 
0 2 -2 -1 
1 0 0 0 
0 14 -7 -6 

-4 -3 2 2 
-3 -4 2 2 
2 2 0 -1 
-14 -14 7 8 

4 3 -2 -2 
3 4 -2 -2 
-2 -2 0 1 
14 14 -7 -8 

-2 -5 0 2 
0 0 -1 0 
2 2 0 -1 
-7 -14 0 6 

2 5 0 -2 
0 0 1 0 
-2 -2 0 1 
7 14 0 -6 

1 0 0 0 
0 1 0 0 
0 0 1 0 
0 0 0 1 

-5 0 2 2 
0 1 0 0 
2 0 -2 -1 
-14 0 7 6 

-1 0 0 0 
0 -1 0 0 
0 0 -1 0 
0 0 0 -1 

5 0 -2 -2 
0 -1 0 0 
-2 0 2 1 
14 0 -7 -6 

-2 -4 3 2 
-2 -3 4 2 
0 2 -2 -1 
-7 -14 14 8 

-4 -4 9 4 
-2 -3 4 2 
3 2 -4 -2 
-14 -14 28 13 

4 4 -9 -4 
2 3 -4 -2 
-3 -2 4 2 
14 14 -28 -13 

2 4 -3 -2 
2 3 -4 -2 
0 -2 2 1 
7 14 -14 -8 

0 -2 5 2 
1 0 0 0 
0 2 -2 -1 
0 -7 14 6 

-4 -2 3 2 
-2 0 2 1 
3 2 -4 -2 
-14 -7 14 8 

0 2 -5 -2 
-1 0 0 0 
0 -2 2 1 
0 7 -14 -6 

4 2 -3 -2 
2 0 -2 -1 
-3 -2 4 2 
14 7 -14 -8 

-5 -2 0 2 
-2 -2 0 1 
0 0 1 0 
-14 -7 0 6 

-3 -2 4 2 
-4 -2 3 2 
2 0 -2 -1 
-14 -7 14 8 

5 2 0 -2 
2 2 0 -1 
0 0 -1 0 
14 7 0 -6 

3 2 -4 -2 
4 2 -3 -2 
-2 0 2 1 
14 7 -14 -8 

0 0 -1 0 
1 0 0 0 
0 -1 0 0 
0 0 0 1 

-2 0 5 2 
-2 0 2 1 
0 -1 0 0 
-7 0 14 6 

0 0 1 0 
-1 0 0 0 
0 1 0 0 
0 0 0 -1 

2 0 -5 -2 
2 0 -2 -1 
0 1 0 0 
7 0 -14 -6 

-9 -4 4 4 
-4 -2 3 2 
4 3 -2 -2 
-28 -14 14 13 

-3 -4 2 2 
-2 -2 0 1 
4 3 -2 -2 
-14 -14 7 8 

9 4 -4 -4 
4 2 -3 -2 
-4 -3 2 2 
28 14 -14 -13 

3 4 -2 -2 
2 2 0 -1 
-4 -3 2 2 
14 14 -7 -8 


12 3

12

-5 0 2 2 
0 1 0 0 
2 0 -2 -1 
-14 0 7 6 

1 0 0 0 
0 1 0 0 
0 0 1 0 
0 0 0 1 

5 0 -2 -2 
0 -1 0 0 
-2 0 2 1 
14 0 -7 -6 

-1 0 0 0 
0 -1 0 0 
0 0 -1 0 
0 0 0 -1 

-3 -4 2 2 
-2 -2 0 1 
4 3 -2 -2 
-14 -14 7 8 

-5 -2 0 2 
-2 -2 0 1 
0 0 1 0 
-14 -7 0 6 

5 2 0 -2 
2 2 0 -1 
0 0 -1 0 
14 7 0 -6 

3 4 -2 -2 
2 2 0 -1 
-4 -3 2 2 
14 14 -7 -8 

-9 -4 4 4 
-4 -2 3 2 
4 3 -2 -2 
-28 -14 14 13 

-3 -2 4 2 
-4 -2 3 2 
2 0 -2 -1 
-14 -7 14 8 

9 4 -4 -4 
4 2 -3 -2 
-4 -3 2 2 
28 14 -14 -13 

3 2 -4 -2 
4 2 -3 -2 
-2 0 2 1 
14 7 -14 -8 


12 4

12

9 4 -4 -4 
-4 -3 2 2 
-4 -2 3 2 
28 14 -14 -13 

3 4 -2 -2 
-4 -3 2 2 
-2 -2 0 1 
14 14 -7 -8 

-9 -4 4 4 
4 3 -2 -2 
4 2 -3 -2 
-28 -14 14 13 

-3 -4 2 2 
4 3 -2 -2 
2 2 0 -1 
-14 -14 7 8 

3 2 -4 -2 
-2 0 2 1 
-4 -2 3 2 
14 7 -14 -8 

5 0 -2 -2 
-2 0 2 1 
0 1 0 0 
14 0 -7 -6 

-3 -2 4 2 
2 0 -2 -1 
4 2 -3 -2 
-14 -7 14 8 

-5 0 2 2 
2 0 -2 -1 
0 -1 0 0 
-14 0 7 6 

-1 0 0 0 
0 0 -1 0 
0 1 0 0 
0 0 0 -1 

5 2 0 -2 
0 0 -1 0 
-2 -2 0 1 
14 7 0 -6 

1 0 0 0 
0 0 1 0 
0 -1 0 0 
0 0 0 1 

-5 -2 0 2 
0 0 1 0 
2 2 0 -1 
-14 -7 0 6 


12 6

12

-5 -2 0 2 
-2 -2 0 1 
0 0 1 0 
-14 -7 0 6 

1 0 0 0 
0 1 0 0 
0 0 1 0 
0 0 0 1 

-9 -4 4 4 
-4 -2 3 2 
4 3 -2 -2 
-28 -14 14 13 

-3 -4 2 2 
-2 -2 0 1 
4 3 -2 -2 
-14 -14 7 8 

-3 -2 4 2 
-4 -2 3 2 
2 0 -2 -1 
-14 -7 14 8 

-5 0 2 2 
0 1 0 0 
2 0 -2 -1 
-14 0 7 6 

-1 0 0 0 
0 -1 0 0 
0 0 -1 0 
0 0 0 -1 

5 2 0 -2 
2 2 0 -1 
0 0 -1 0 
14 7 0 -6 

9 4 -4 -4 
4 2 -3 -2 
-4 -3 2 2 
28 14 -14 -13 

3 4 -2 -2 
2 2 0 -1 
-4 -3 2 2 
14 14 -7 -8 

5 0 -2 -2 
0 -1 0 0 
-2 0 2 1 
14 0 -7 -6 

3 2 -4 -2 
4 2 -3 -2 
-2 0 2 1 
14 7 -14 -8 


12 7

24

1 0 0 0 
0 1 0 0 
0 0 1 0 
0 0 0 1 

-5 0 2 2 
0 1 0 0 
2 0 -2 -1 
-14 0 7 6 

-1 0 0 0 
0 -1 0 0 
0 0 -1 0 
0 0 0 -1 

5 0 -2 -2 
0 -1 0 0 
-2 0 2 1 
14 0 -7 -6 

-4 -2 3 2 
-4 -3 2 2 
9 4 -4 -4 
-28 -14 14 13 

-2 -2 0 1 
-4 -3 2 2 
3 4 -2 -2 
-14 -14 7 8 

4 2 -3 -2 
4 3 -2 -2 
-9 -4 4 4 
28 14 -14 -13 

2 2 0 -1 
4 3 -2 -2 
-3 -4 2 2 
14 14 -7 -8 

0 1 0 0 
-2 0 2 1 
5 0 -2 -2 
-14 0 7 6 

-4 -2 3 2 
-2 0 2 1 
3 2 -4 -2 
-14 -7 14 8 

0 -1 0 0 
2 0 -2 -1 
-5 0 2 2 
14 0 -7 -6 

4 2 -3 -2 
2 0 -2 -1 
-3 -2 4 2 
14 7 -14 -8 

-3 -4 2 2 
-2 -2 0 1 
4 3 -2 -2 
-14 -14 7 8 

-5 -2 0 2 
-2 -2 0 1 
0 0 1 0 
-14 -7 0 6 

5 2 0 -2 
2 2 0 -1 
0 0 -1 0 
14 7 0 -6 

3 4 -2 -2 
2 2 0 -1 
-4 -3 2 2 
14 14 -7 -8 

0 1 0 0 
0 0 -1 0 
-1 0 0 0 
0 0 0 1 

-2 -2 0 1 
0 0 -1 0 
5 2 0 -2 
-14 -7 0 6 

0 -1 0 0 
0 0 1 0 
1 0 0 0 
0 0 0 -1 

2 2 0 -1 
0 0 1 0 
-5 -2 0 2 
14 7 0 -6 

-3 -2 4 2 
-4 -2 3 2 
2 0 -2 -1 
-14 -7 14 8 

-9 -4 4 4 
-4 -2 3 2 
4 3 -2 -2 
-28 -14 14 13 

3 2 -4 -2 
4 2 -3 -2 
-2 0 2 1 
14 7 -14 -8 

9 4 -4 -4 
4 2 -3 -2 
-4 -3 2 2 
28 14 -14 -13 


12 9

12

1 0 0 0 
0 1 0 0 
0 0 1 0 
0 0 0 1 

-5 0 2 2 
0 1 0 0 
2 0 -2 -1 
-14 0 7 6 

-1 0 0 0 
0 -1 0 0 
0 0 -1 0 
0 0 0 -1 

5 0 -2 -2 
0 -1 0 0 
-2 0 2 1 
14 0 -7 -6 

-5 -2 0 2 
-2 -2 0 1 
0 0 1 0 
-14 -7 0 6 

-3 -4 2 2 
-2 -2 0 1 
4 3 -2 -2 
-14 -14 7 8 

5 2 0 -2 
2 2 0 -1 
0 0 -1 0 
14 7 0 -6 

3 4 -2 -2 
2 2 0 -1 
-4 -3 2 2 
14 14 -7 -8 

-9 -4 4 4 
-4 -2 3 2 
4 3 -2 -2 
-28 -14 14 13 

-3 -2 4 2 
-4 -2 3 2 
2 0 -2 -1 
-14 -7 14 8 

9 4 -4 -4 
4 2 -3 -2 
-4 -3 2 2 
28 14 -14 -13 

3 2 -4 -2 
4 2 -3 -2 
-2 0 2 1 
14 7 -14 -8 


12 10

30

-3 -2 4 2 
-4 -2 3 2 
2 0 -2 -1 
-14 -7 14 8 

0 1 0 0 
0 0 -1 0 
-1 0 0 0 
0 0 0 1 

3 2 -4 -2 
4 2 -3 -2 
-2 0 2 1 
14 7 -14 -8 

0 -1 0 0 
0 0 1 0 
1 0 0 0 
0 0 0 -1 

-9 -4 4 4 
-4 -2 3 2 
4 3 -2 -2 
-28 -14 14 13 

9 4 -4 -4 
4 2 -3 -2 
-4 -3 2 2 
28 14 -14 -13 

1 0 0 0 
0 1 0 0 
0 0 1 0 
0 0 0 1 

-2 -2 0 1 
-4 -3 2 2 
3 4 -2 -2 
-14 -14 7 8 

2 2 0 -1 
4 3 -2 -2 
-3 -4 2 2 
14 14 -7 -8 

-1 0 0 0 
0 -1 0 0 
0 0 -1 0 
0 0 0 -1 

-5 0 2 2 
0 1 0 0 
2 0 -2 -1 
-14 0 7 6 

5 0 -2 -2 
0 -1 0 0 
-2 0 2 1 
14 0 -7 -6 

-3 -4 2 2 
-2 -2 0 1 
4 3 -2 -2 
-14 -14 7 8 

-4 -2 3 2 
-2 0 2 1 
3 2 -4 -2 
-14 -7 14 8 

3 4 -2 -2 
2 2 0 -1 
-4 -3 2 2 
14 14 -7 -8 

4 2 -3 -2 
2 0 -2 -1 
-3 -2 4 2 
14 7 -14 -8 

-5 -2 0 2 
-2 -2 0 1 
0 0 1 0 
-14 -7 0 6 

5 2 0 -2 
2 2 0 -1 
0 0 -1 0 
14 7 0 -6 

-4 -3 2 2 
-9 -4 4 4 
4 2 -3 -2 
-28 -14 14 13 

0 0 -1 0 
1 0 0 0 
0 -1 0 0 
0 0 0 1 

-2 0 2 1 
-3 -2 4 2 
4 2 -3 -2 
-14 -7 14 8 

0 0 -1 0 
-5 -2 0 2 
2 2 0 -1 
-14 -7 0 6 

-2 0 2 1 
-5 0 2 2 
0 -1 0 0 
-14 0 7 6 

-4 -3 2 2 
-3 -4 2 2 
2 2 0 -1 
-14 -14 7 8 

4 3 -2 -2 
3 4 -2 -2 
-2 -2 0 1 
14 14 -7 -8 

4 3 -2 -2 
9 4 -4 -4 
-4 -2 3 2 
28 14 -14 -13 

0 0 1 0 
-1 0 0 0 
0 1 0 0 
0 0 0 -1 

2 0 -2 -1 
3 2 -4 -2 
-4 -2 3 2 
14 7 -14 -8 

0 0 1 0 
5 2 0 -2 
-2 -2 0 1 
14 7 0 -6 

2 0 -2 -1 
5 0 -2 -2 
0 1 0 0 
14 0 -7 -6 


12 11

36

0 0 -1 0 
1 0 0 0 
0 -1 0 0 
0 0 0 1 

0 0 1 0 
-1 0 0 0 
0 1 0 0 
0 0 0 -1 

-4 -3 2 2 
-9 -4 4 4 
4 2 -3 -2 
-28 -14 14 13 

4 3 -2 -2 
9 4 -4 -4 
-4 -2 3 2 
28 14 -14 -13 

-2 0 2 1 
-3 -2 4 2 
4 2 -3 -2 
-14 -7 14 8 

2 0 -2 -1 
3 2 -4 -2 
-4 -2 3 2 
14 7 -14 -8 

0 0 -1 0 
-5 -2 0 2 
2 2 0 -1 
-14 -7 0 6 

0 0 1 0 
5 2 0 -2 
-2 -2 0 1 
14 7 0 -6 

-4 -3 2 2 
-3 -4 2 2 
2 2 0 -1 
-14 -14 7 8 

4 3 -2 -2 
3 4 -2 -2 
-2 -2 0 1 
14 14 -7 -8 

-2 0 2 1 
-5 0 2 2 
0 -1 0 0 
-14 0 7 6 

2 0 -2 -1 
5 0 -2 -2 
0 1 0 0 
14 0 -7 -6 

1 0 0 0 
0 1 0 0 
0 0 1 0 
0 0 0 1 

-5 0 2 2 
0 1 0 0 
2 0 -2 -1 
-14 0 7 6 

-1 0 0 0 
0 -1 0 0 
0 0 -1 0 
0 0 0 -1 

5 0 -2 -2 
0 -1 0 0 
-2 0 2 1 
14 0 -7 -6 

-2 -2 0 1 
-4 -3 2 2 
3 4 -2 -2 
-14 -14 7 8 

-4 -2 3 2 
-4 -3 2 2 
9 4 -4 -4 
-28 -14 14 13 

4 2 -3 -2 
4 3 -2 -2 
-9 -4 4 4 
28 14 -14 -13 

2 2 0 -1 
4 3 -2 -2 
-3 -4 2 2 
14 14 -7 -8 

0 1 0 0 
-2 0 2 1 
5 0 -2 -2 
-14 0 7 6 

-4 -2 3 2 
-2 0 2 1 
3 2 -4 -2 
-14 -7 14 8 

0 -1 0 0 
2 0 -2 -1 
-5 0 2 2 
14 0 -7 -6 

4 2 -3 -2 
2 0 -2 -1 
-3 -2 4 2 
14 7 -14 -8 

-5 -2 0 2 
-2 -2 0 1 
0 0 1 0 
-14 -7 0 6 

-3 -4 2 2 
-2 -2 0 1 
4 3 -2 -2 
-14 -14 7 8 

5 2 0 -2 
2 2 0 -1 
0 0 -1 0 
14 7 0 -6 

3 4 -2 -2 
2 2 0 -1 
-4 -3 2 2 
14 14 -7 -8 

0 1 0 0 
0 0 -1 0 
-1 0 0 0 
0 0 0 1 

-2 -2 0 1 
0 0 -1 0 
5 2 0 -2 
-14 -7 0 6 

0 -1 0 0 
0 0 1 0 
1 0 0 0 
0 0 0 -1 

2 2 0 -1 
0 0 1 0 
-5 -2 0 2 
14 7 0 -6 

-9 -4 4 4 
-4 -2 3 2 
4 3 -2 -2 
-28 -14 14 13 

-3 -2 4 2 
-4 -2 3 2 
2 0 -2 -1 
-14 -7 14 8 

9 4 -4 -4 
4 2 -3 -2 
-4 -3 2 2 
28 14 -14 -13 

3 2 -4 -2 
4 2 -3 -2 
-2 0 2 1 
14 7 -14 -8 


12 12

12

-5 0 2 2 
0 1 0 0 
2 0 -2 -1 
-14 0 7 6 

1 0 0 0 
0 1 0 0 
0 0 1 0 
0 0 0 1 

-3 -4 2 2 
-2 -2 0 1 
4 3 -2 -2 
-14 -14 7 8 

-5 -2 0 2 
-2 -2 0 1 
0 0 1 0 
-14 -7 0 6 

-9 -4 4 4 
-4 -2 3 2 
4 3 -2 -2 
-28 -14 14 13 

-3 -2 4 2 
-4 -2 3 2 
2 0 -2 -1 
-14 -7 14 8 

5 0 -2 -2 
0 -1 0 0 
-2 0 2 1 
14 0 -7 -6 

-1 0 0 0 
0 -1 0 0 
0 0 -1 0 
0 0 0 -1 

3 4 -2 -2 
2 2 0 -1 
-4 -3 2 2 
14 14 -7 -8 

5 2 0 -2 
2 2 0 -1 
0 0 -1 0 
14 7 0 -6 

9 4 -4 -4 
4 2 -3 -2 
-4 -3 2 2 
28 14 -14 -13 

3 2 -4 -2 
4 2 -3 -2 
-2 0 2 1 
14 7 -14 -8 


