720
1 0 0 0 
0 1 0 0 
0 0 1 0 
0 0 0 1 

-3 -2 4 2 
-4 -2 3 2 
2 0 -2 -1 
-14 -7 14 8 

2 0 5 2 
0 1 0 0 
-2 0 -2 -1 
7 0 14 6 

-3 -4 2 2 
-2 -2 0 1 
4 3 -2 -2 
-14 -14 7 8 

2 0 -2 -1 
0 1 0 0 
5 0 -2 -2 
-14 0 7 6 

0 -2 5 2 
0 -2 2 1 
1 0 0 0 
0 -7 14 6 

-14 -2 12 7 
-21 -2 16 10 
8 0 -7 -4 
-70 -7 56 34 

-24 -18 26 15 
-4 -2 3 2 
16 11 -18 -10 
-77 -56 84 48 

-14 -21 8 10 
-2 -2 0 1 
12 16 -7 -8 
-49 -70 28 34 

4 -4 9 4 
3 -2 4 2 
-2 3 -4 -2 
14 -14 28 13 

-24 -4 16 11 
-18 -2 11 8 
26 3 -18 -12 
-105 -14 70 48 

4 3 -2 -2 
-4 -2 3 2 
9 4 -4 -4 
-28 -14 14 13 

0 0 1 0 
-2 -2 0 1 
5 2 0 -2 
-14 -7 0 6 

-10 -10 12 7 
-2 -3 4 2 
-3 -2 4 2 
-28 -28 35 20 

-4 -9 4 4 
-2 -4 3 2 
-3 -4 2 2 
-14 -28 14 13 

-24 -17 12 12 
-37 -24 18 18 
18 12 -10 -9 
-126 -84 63 62 

-4 -2 -3 2 
-9 -4 -4 4 
4 3 2 -2 
-28 -14 -14 13 

5 -18 38 16 
0 -2 2 1 
-2 11 -24 -10 
14 -56 119 50 

-128 -18 101 62 
-21 -2 16 10 
82 11 -66 -40 
-406 -56 322 197 

26 -21 54 24 
3 -2 4 2 
-18 16 -38 -17 
84 -70 175 78 

-128 -21 82 58 
-18 -2 11 8 
101 16 -66 -46 
-434 -70 280 197 

-34 -28 42 23 
-21 -16 26 14 
14 12 -19 -10 
-112 -91 140 76 

-24 -37 18 18 
-17 -24 12 12 
12 18 -10 -9 
-84 -126 63 62 

-34 -21 14 16 
-28 -16 12 13 
42 26 -19 -20 
-161 -98 70 76 

-10 -2 -3 4 
-10 -3 -2 4 
12 4 4 -5 
-49 -14 -14 20 

-2 3 -4 -2 
0 -2 2 1 
-2 4 -3 -2 
7 -14 14 8 

26 3 -18 -12 
-21 -2 16 10 
54 4 -38 -25 
-168 -14 119 78 

-2 0 -2 -1 
3 -2 4 2 
-4 2 -3 -2 
14 -7 14 8 

5 0 -2 -2 
-18 -2 11 8 
38 2 -24 -17 
-112 -7 70 50 

5 -10 24 10 
2 -3 10 4 
0 -2 5 2 
14 -28 70 29 

-58 -10 45 28 
-12 -3 10 6 
-14 -2 12 7 
-161 -28 126 78 

12 -9 28 12 
4 -4 12 5 
4 -4 9 4 
35 -28 84 36 

-44 -9 28 20 
-17 -4 12 8 
-24 -4 16 11 
-140 -28 91 64 

12 -17 24 12 
16 -24 31 16 
-7 12 -16 -8 
56 -84 112 57 

-156 -17 108 72 
-236 -24 164 109 
112 12 -79 -52 
-805 -84 560 372 

12 -2 14 7 
18 -4 19 10 
-10 3 -12 -6 
63 -14 70 36 

-51 -2 28 22 
-94 -4 54 41 
46 3 -26 -20 
-308 -14 175 134 

-91 -86 114 64 
-2 -3 4 2 
54 52 -67 -38 
-280 -266 350 197 

-51 -94 46 44 
-2 -4 3 2 
28 54 -26 -25 
-154 -287 140 134 

-210 -142 100 103 
-37 -24 18 18 
138 94 -67 -68 
-672 -455 322 330 

-44 -17 -24 20 
-9 -4 -4 4 
28 12 16 -13 
-140 -56 -77 64 

-222 -178 269 148 
-21 -16 26 14 
152 123 -186 -102 
-714 -574 868 477 

-156 -236 112 115 
-17 -24 12 12 
108 164 -79 -80 
-504 -763 364 372 

-180 -108 73 84 
-28 -16 12 13 
145 88 -60 -68 
-616 -371 252 288 

-58 -12 -14 23 
-10 -3 -2 4 
45 10 12 -18 
-196 -42 -49 78 

9 -28 68 28 
4 -16 39 16 
-4 12 -32 -13 
28 -91 224 92 

-180 -28 145 88 
-108 -16 88 53 
73 12 -60 -36 
-588 -91 476 288 

42 -37 96 42 
26 -24 59 26 
-19 18 -46 -20 
140 -126 322 141 

-210 -37 138 96 
-142 -24 94 65 
100 18 -67 -46 
-721 -126 476 330 

16 -21 26 14 
11 -16 18 10 
-18 26 -32 -17 
70 -98 119 64 

-222 -21 152 102 
-178 -16 123 82 
269 26 -186 -124 
-1036 -98 714 477 

14 -2 12 7 
12 -3 10 6 
-19 4 -18 -10 
70 -14 63 36 

14 12 -19 -10 
-2 -3 4 2 
12 10 -18 -9 
-49 -42 70 36 

12 18 -10 -9 
-2 -4 3 2 
14 19 -12 -10 
-49 -70 42 36 

42 26 -19 -20 
-37 -24 18 18 
96 59 -46 -46 
-294 -182 140 141 

12 4 4 -5 
-9 -4 -4 4 
28 12 9 -12 
-84 -35 -28 36 

16 11 -18 -10 
-21 -16 26 14 
26 18 -32 -17 
-98 -70 119 64 

12 16 -7 -8 
-17 -24 12 12 
24 31 -16 -16 
-84 -112 56 57 

9 4 -4 -4 
-28 -16 12 13 
68 39 -32 -32 
-196 -112 91 92 

-88 -60 40 43 
-16 -12 7 8 
-24 -17 12 12 
-245 -168 112 120 

-18 -5 -10 8 
-2 0 -2 1 
-4 -2 -3 2 
-49 -14 -28 22 

-112 -90 133 74 
-42 -35 50 28 
-34 -28 42 23 
-329 -266 392 218 

-74 -114 52 55 
-26 -42 19 20 
-24 -37 18 18 
-217 -336 154 162 

-56 -34 21 26 
-21 -14 8 10 
-34 -21 14 16 
-182 -112 70 85 

-18 -2 -4 7 
-5 0 -2 2 
-10 -2 -3 4 
-56 -7 -14 22 

-88 -74 117 62 
-114 -96 154 81 
53 46 -72 -38 
-406 -343 546 288 

-74 -110 60 55 
-100 -147 82 74 
45 68 -38 -34 
-350 -518 287 260 

-256 -158 117 122 
-394 -243 182 188 
186 116 -86 -89 
-1337 -826 616 638 

-74 -26 -24 31 
-114 -42 -37 48 
52 19 18 -22 
-385 -140 -126 162 

-98 -69 112 62 
-140 -98 162 89 
78 56 -91 -50 
-497 -350 574 316 

-74 -100 45 50 
-110 -147 68 74 
60 82 -38 -41 
-385 -518 238 260 

-91 -48 42 42 
-168 -91 78 78 
78 42 -35 -36 
-546 -294 252 253 

114 -94 269 116 
4 -4 12 5 
-67 54 -158 -68 
350 -287 826 356 

-488 -94 318 223 
-17 -4 12 8 
276 54 -179 -126 
-1484 -287 966 678 

101 -142 192 98 
16 -24 31 16 
-66 94 -128 -65 
322 -455 616 314 

-1362 -142 941 628 
-236 -24 164 109 
893 94 -618 -412 
-4354 -455 3010 2008 

100 -17 108 56 
18 -4 19 10 
-67 12 -74 -38 
322 -56 350 181 

-488 -17 276 212 
-94 -4 54 41 
318 12 -179 -138 
-1561 -56 882 678 

54 -178 424 175 
4 -16 39 16 
-38 123 -296 -122 
175 -574 1372 566 

-1171 -178 942 572 
-108 -16 88 53 
802 123 -646 -392 
-3766 -574 3031 1840 

-1362 -236 893 622 
-142 -24 94 65 
941 164 -618 -430 
-4396 -763 2884 2008 

82 -108 130 71 
11 -16 18 10 
-66 88 -107 -58 
280 -371 448 244 

-1171 -108 802 538 
-178 -16 123 82 
942 88 -646 -433 
-4004 -371 2744 1840 

73 -12 60 36 
12 -3 10 6 
-60 10 -51 -30 
252 -42 210 125 

-290 -200 138 143 
-178 -123 86 88 
117 82 -56 -58 
-952 -658 455 470 

-56 -21 -34 26 
-34 -14 -21 16 
21 8 14 -10 
-182 -70 -112 85 

-374 -304 453 250 
-228 -186 278 153 
173 142 -210 -116 
-1246 -1015 1512 834 

-256 -394 186 191 
-158 -243 116 118 
117 182 -86 -88 
-854 -1316 623 638 

-290 -178 117 136 
-200 -123 82 94 
138 86 -56 -65 
-1001 -616 406 470 

-88 -16 -24 35 
-60 -12 -17 24 
40 7 12 -16 
-301 -56 -84 120 

-108 -88 145 76 
-73 -60 100 52 
124 103 -168 -88 
-476 -392 644 337 

-98 -140 78 71 
-69 -98 56 50 
112 162 -91 -82 
-434 -623 350 316 

-374 -228 173 178 
-304 -186 142 145 
453 278 -210 -216 
-1750 -1071 812 834 

-112 -42 -34 47 
-90 -35 -28 38 
133 50 42 -56 
-518 -196 -161 218 

-108 -73 124 68 
-88 -60 103 56 
145 100 -168 -92 
-532 -364 616 337 

-88 -114 53 58 
-74 -96 46 49 
117 154 -72 -78 
-434 -567 266 288 

-19 18 -46 -20 
4 -4 12 5 
-18 19 -46 -20 
70 -70 175 76 

100 18 -67 -46 
-17 -4 12 8 
108 19 -74 -50 
-392 -70 266 181 

-18 26 -32 -17 
16 -24 31 16 
-38 59 -72 -38 
119 -182 224 118 

-19 4 -18 -10 
18 -4 19 10 
-46 12 -46 -25 
140 -35 140 76 

114 4 -67 -50 
-94 -4 54 41 
269 12 -158 -118 
-812 -35 476 356 

-2 11 -24 -10 
4 -16 39 16 
-3 18 -44 -18 
14 -70 168 69 

82 11 -66 -40 
-108 -16 88 53 
130 18 -107 -64 
-497 -70 406 244 

-18 16 -38 -17 
26 -24 59 26 
-32 31 -72 -32 
119 -112 266 118 

101 16 -66 -46 
-142 -24 94 65 
192 31 -128 -88 
-686 -112 455 314 

-2 4 -3 -2 
11 -16 18 10 
-24 39 -44 -24 
70 -112 126 69 

54 4 -38 -25 
-178 -16 123 82 
424 39 -296 -196 
-1225 -112 854 566 

45 -60 82 42 
10 -12 18 9 
12 -17 24 12 
126 -168 231 118 

-578 -60 397 266 
-109 -12 74 50 
-156 -17 108 72 
-1610 -168 1106 741 

40 -5 42 22 
7 0 8 4 
12 -2 14 7 
112 -14 119 62 

-198 -5 112 86 
-28 0 15 12 
-51 -2 28 22 
-546 -14 308 237 

28 -90 210 87 
12 -35 82 34 
9 -28 68 28 
84 -266 623 258 

-595 -90 476 290 
-226 -35 180 110 
-180 -28 145 88 
-1750 -266 1400 853 

-658 -114 429 300 
-237 -42 154 108 
-210 -37 138 96 
-1932 -336 1260 881 

28 -34 42 23 
12 -14 19 10 
16 -21 26 14 
91 -112 140 76 

-371 -34 252 170 
-142 -14 96 65 
-222 -21 152 102 
-1204 -112 819 552 

21 -2 16 10 
8 0 7 4 
14 -2 12 7 
70 -7 56 34 

117 -110 280 122 
154 -147 372 162 
-72 68 -175 -76 
546 -518 1316 573 

-618 -110 413 284 
-826 -147 554 380 
376 68 -252 -173 
-2905 -518 1946 1336 

117 -26 112 62 
182 -42 176 97 
-86 19 -84 -46 
616 -140 595 328 

-702 -26 413 308 
-1085 -42 638 476 
502 19 -294 -220 
-3668 -140 2156 1609 

14 -69 154 64 
19 -98 222 92 
-12 56 -128 -53 
70 -350 791 328 

-504 -69 406 246 
-716 -98 579 350 
401 56 -324 -196 
-2548 -350 2058 1245 

112 -100 240 107 
162 -147 350 156 
-91 82 -198 -88 
574 -518 1239 552 

-623 -100 408 284 
-916 -147 602 418 
504 82 -331 -230 
-3220 -518 2114 1469 

28 -48 49 28 
54 -91 96 54 
-26 42 -44 -25 
175 -294 308 174 

-560 -48 392 259 
-1038 -91 726 480 
485 42 -338 -224 
-3374 -294 2359 1560 

-1052 -852 1260 699 
-42 -35 50 28 
621 502 -742 -412 
-3234 -2618 3871 2148 

-702 -1085 502 524 
-26 -42 19 20 
413 638 -294 -308 
-2156 -3332 1540 1609 

-646 -397 252 302 
-21 -14 8 10 
362 222 -140 -169 
-1960 -1204 763 916 

-198 -28 -51 78 
-5 0 -2 2 
112 15 28 -44 
-602 -84 -154 237 

-723 -604 966 510 
-114 -96 154 81 
476 399 -636 -336 
-2310 -1932 3087 1630 

-623 -916 504 460 
-100 -147 82 74 
408 602 -331 -302 
-1988 -2926 1610 1469 

-658 -237 -210 276 
-114 -42 -37 48 
429 154 138 -180 
-2100 -756 -672 881 

-800 -558 917 506 
-140 -98 162 89 
537 376 -616 -340 
-2576 -1799 2954 1630 

-618 -826 376 415 
-110 -147 68 74 
413 554 -252 -278 
-1988 -2660 1211 1336 

-884 -474 413 410 
-168 -91 78 78 
572 306 -266 -265 
-2821 -1512 1316 1308 

-1899 -1306 906 936 
-178 -123 86 88 
1298 894 -619 -640 
-6104 -4200 2912 3009 

-371 -142 -222 172 
-34 -14 -21 16 
252 96 152 -117 
-1190 -455 -714 552 

-1892 -1158 766 887 
-200 -123 82 94 
1305 800 -528 -612 
-6104 -3738 2471 2862 

-578 -109 -156 230 
-60 -12 -17 24 
397 74 108 -158 
-1862 -350 -504 741 

-548 -445 738 386 
-73 -60 100 52 
444 362 -598 -313 
-1876 -1526 2527 1322 

-504 -716 401 364 
-69 -98 56 50 
406 579 -324 -294 
-1722 -2450 1372 1245 

-1983 -1208 920 944 
-304 -186 142 145 
1592 971 -738 -758 
-6776 -4130 3143 3226 

-595 -226 -180 250 
-90 -35 -28 38 
476 180 145 -200 
-2030 -770 -616 853 

-555 -374 640 350 
-88 -60 103 56 
458 310 -528 -289 
-1918 -1295 2212 1210 

-459 -592 278 302 
-74 -96 46 49 
376 487 -228 -248 
-1582 -2044 959 1042 

145 -200 276 140 
88 -123 170 86 
-60 82 -115 -58 
476 -658 910 461 

-1892 -200 1305 872 
-1158 -123 800 534 
766 82 -528 -353 
-6209 -658 4284 2862 

138 -21 152 78 
86 -14 96 49 
-56 8 -63 -32 
455 -70 504 258 

-646 -21 362 280 
-397 -14 222 172 
252 8 -140 -109 
-2114 -70 1183 916 

96 -304 724 299 
59 -186 446 184 
-46 142 -339 -140 
322 -1015 2422 1000 

-1983 -304 1592 968 
-1208 -186 971 590 
920 142 -738 -449 
-6608 -1015 5306 3226 

138 -178 220 119 
94 -123 152 82 
-67 86 -108 -58 
476 -616 763 412 

-1899 -178 1298 872 
-1306 -123 894 600 
906 86 -619 -416 
-6552 -616 4480 3009 

117 -16 98 58 
82 -12 70 41 
-56 7 -48 -28 
406 -56 343 202 

145 -140 348 152 
100 -98 243 106 
-168 162 -406 -177 
644 -623 1554 678 

-800 -140 537 368 
-558 -98 376 257 
917 162 -616 -422 
-3542 -623 2380 1630 

173 -42 166 92 
142 -35 138 76 
-210 50 -203 -112 
812 -196 784 433 

-1052 -42 621 462 
-852 -35 502 374 
1260 50 -742 -553 
-4893 -196 2884 2148 

12 -73 164 68 
10 -60 138 57 
-18 100 -227 -94 
63 -364 826 342 

-548 -73 444 268 
-445 -60 362 218 
738 100 -598 -361 
-2702 -364 2191 1322 

124 -114 266 119 
103 -96 224 100 
-168 154 -363 -162 
616 -567 1330 594 

-723 -114 476 330 
-604 -96 399 276 
966 154 -636 -441 
-3570 -567 2352 1630 

173 142 -210 -116 
-42 -35 50 28 
166 138 -203 -112 
-644 -532 784 433 

117 182 -86 -88 
-26 -42 19 20 
112 176 -84 -85 
-434 -679 322 328 

138 86 -56 -65 
-21 -14 8 10 
152 96 -63 -72 
-546 -343 224 258 

40 7 12 -16 
-5 0 -2 2 
42 8 14 -17 
-154 -28 -49 62 

124 103 -168 -88 
-114 -96 154 81 
266 224 -363 -190 
-833 -700 1134 594 

112 162 -91 -82 
-100 -147 82 74 
240 350 -198 -177 
-749 -1092 616 552 

145 100 -168 -92 
-140 -98 162 89 
348 243 -406 -222 
-1064 -742 1239 678 

117 154 -72 -78 
-110 -147 68 74 
280 372 -175 -188 
-854 -1134 532 573 

208 114 -98 -97 
-168 -91 78 78 
481 264 -224 -224 
-1456 -798 679 678 

138 94 -67 -68 
-178 -123 86 88 
220 152 -108 -109 
-833 -574 406 412 

28 12 16 -13 
-34 -14 -21 16 
42 19 26 -20 
-161 -70 -98 76 

145 88 -60 -68 
-200 -123 82 94 
276 170 -115 -130 
-980 -602 406 461 

45 10 12 -18 
-60 -12 -17 24 
82 18 24 -33 
-294 -63 -84 118 

12 10 -18 -9 
-73 -60 100 52 
164 138 -227 -118 
-476 -399 658 342 

14 19 -12 -10 
-69 -98 56 50 
154 222 -128 -113 
-448 -644 371 328 

96 59 -46 -46 
-304 -186 142 145 
724 446 -339 -346 
-2093 -1288 980 1000 

28 12 9 -12 
-90 -35 -28 38 
210 82 68 -89 
-609 -238 -196 258 

-319 -264 424 224 
-72 -59 94 50 
-88 -74 117 62 
-896 -742 1190 629 

-275 -402 220 202 
-60 -88 47 44 
-74 -110 60 55 
-770 -1127 616 566 

-282 -101 -88 118 
-53 -18 -16 22 
-74 -26 -24 31 
-784 -280 -245 328 

-324 -224 369 204 
-61 -42 68 38 
-98 -69 112 62 
-910 -630 1036 573 

-250 -332 150 167 
-45 -60 26 30 
-74 -100 45 50 
-700 -931 420 468 

-366 -196 173 170 
-54 -28 26 25 
-91 -48 42 42 
-1008 -539 476 468 

-963 -660 458 474 
-362 -248 171 178 
-290 -200 138 143 
-2828 -1939 1344 1392 

-191 -72 -112 88 
-72 -26 -42 33 
-56 -21 -34 26 
-560 -210 -329 258 

-912 -556 368 427 
-325 -198 130 152 
-290 -178 117 136 
-2674 -1631 1078 1252 

-282 -53 -74 112 
-101 -18 -26 40 
-88 -16 -24 35 
-826 -154 -217 328 

-186 -149 248 130 
-82 -66 108 57 
-108 -88 145 76 
-609 -490 812 426 

-170 -240 133 122 
-72 -103 56 52 
-98 -140 78 71 
-553 -784 434 398 

-627 -380 290 298 
-236 -143 108 112 
-374 -228 173 178 
-2030 -1232 938 965 

-191 -72 -56 80 
-72 -26 -21 30 
-112 -42 -34 47 
-616 -231 -182 258 

-163 -108 186 102 
-66 -44 74 41 
-108 -73 124 68 
-546 -364 623 342 

-135 -172 80 88 
-52 -67 30 34 
-88 -114 53 58 
-448 -574 266 293 

-1059 -868 1286 710 
-1398 -1148 1699 938 
658 540 -798 -441 
-4956 -4067 6020 3324 

-719 -1116 528 540 
-948 -1474 698 713 
444 691 -326 -334 
-3360 -5222 2471 2526 

-856 -532 348 403 
-1146 -714 467 540 
518 323 -210 -244 
-4025 -2506 1638 1896 

-250 -45 -74 100 
-332 -60 -100 133 
150 26 45 -60 
-1169 -210 -350 468 

-891 -616 1034 566 
-1384 -959 1608 880 
658 456 -763 -418 
-4690 -3248 5446 2981 

-719 -948 444 480 
-1116 -1474 691 746 
528 698 -326 -353 
-3780 -4991 2338 2526 

-1276 -700 600 595 
-1965 -1078 922 916 
910 498 -427 -424 
-6650 -3647 3122 3100 

-844 -576 409 416 
-1202 -822 584 593 
669 458 -324 -330 
-4270 -2919 2072 2106 

-170 -72 -98 79 
-240 -103 -140 112 
133 56 78 -62 
-854 -364 -497 398 

-891 -542 368 418 
-1312 -800 543 616 
718 438 -296 -337 
-4606 -2807 1904 2162 

-275 -60 -74 110 
-402 -88 -110 161 
220 47 60 -88 
-1414 -308 -385 566 

-186 -156 262 135 
-362 -304 507 262 
172 143 -240 -124 
-1169 -980 1638 846 

-184 -261 154 134 
-352 -502 294 257 
168 238 -139 -122 
-1141 -1624 952 832 

-970 -597 458 464 
-1790 -1102 843 856 
837 514 -394 -400 
-5824 -3584 2744 2785 

-282 -114 -91 120 
-520 -208 -168 221 
245 98 78 -104 
-1694 -679 -546 720 

269 -852 2006 830 
12 -35 82 34 
-158 502 -1179 -488 
826 -2618 6160 2549 

-5590 -852 4477 2726 
-226 -35 180 110 
3300 502 -2642 -1609 
-17185 -2618 13762 8380 

-6230 -1085 4068 2842 
-237 -42 154 108 
3668 638 -2394 -1673 
-19138 -3332 12495 8730 

318 -397 494 268 
12 -14 19 10 
-179 222 -276 -150 
966 -1204 1498 813 

-4260 -397 2902 1954 
-142 -14 96 65 
2390 222 -1627 -1096 
-12929 -1204 8806 5930 

252 -28 204 123 
8 0 7 4 
-140 15 -112 -68 
763 -84 616 372 

966 -916 2317 1010 
154 -147 372 162 
-636 602 -1526 -665 
3087 -2926 7406 3228 

-5166 -916 3458 2375 
-826 -147 554 380 
3389 602 -2268 -1558 
-16492 -2926 11039 7582 

1036 -237 994 550 
182 -42 176 97 
-678 154 -651 -360 
3311 -756 3178 1758 

-6230 -237 3668 2734 
-1085 -42 638 476 
4068 154 -2394 -1785 
-19894 -756 11711 8730 

108 -558 1250 519 
19 -98 222 92 
-74 376 -843 -350 
350 -1799 4032 1674 

-4099 -558 3308 2002 
-716 -98 579 350 
2754 376 -2222 -1345 
-13202 -1799 10654 6448 

917 -826 1968 878 
162 -147 350 156 
-616 554 -1323 -590 
2954 -2660 6342 2829 

-5166 -826 3389 2356 
-916 -147 602 418 
3458 554 -2268 -1577 
-16625 -2660 10906 7582 

276 -474 494 279 
54 -91 96 54 
-179 306 -318 -180 
882 -1512 1575 890 

-5443 -474 3812 2518 
-1038 -91 726 480 
3524 306 -2467 -1630 
-17374 -1512 12166 8037 

942 -1306 1797 912 
88 -123 170 86 
-646 894 -1232 -625 
3031 -4200 5782 2934 

-12372 -1306 8538 5703 
-1158 -123 800 534 
8461 894 -5838 -3900 
-39774 -4200 27447 18334 

906 -142 997 512 
86 -14 96 49 
-619 96 -682 -350 
2912 -455 3206 1646 

-12372 -1158 8461 5682 
-1306 -123 894 600 
8538 800 -5838 -3921 
-39921 -3738 27300 18334 

766 -109 642 380 
82 -12 70 41 
-528 74 -443 -262 
2471 -350 2072 1226 

738 -716 1774 775 
100 -98 243 106 
-598 579 -1438 -628 
2527 -2450 6076 2654 

-4099 -716 2754 1886 
-558 -98 376 257 
3308 579 -2222 -1522 
-14014 -2450 9415 6448 

920 -226 885 490 
142 -35 138 76 
-738 180 -710 -393 
3143 -770 3024 1674 

-5590 -226 3300 2455 
-852 -35 502 374 
4477 180 -2642 -1966 
-19082 -770 11263 8380 

60 -374 845 350 
10 -60 138 57 
-51 310 -700 -290 
210 -1295 2926 1212 

-2810 -374 2280 1375 
-445 -60 362 218 
2322 310 -1883 -1136 
-9716 -1295 7882 4754 

640 -592 1377 616 
103 -96 224 100 
-528 487 -1136 -508 
2212 -2044 4760 2129 

-3756 -592 2476 1715 
-604 -96 399 276 
3084 487 -2032 -1408 
-12957 -2044 8540 5916 

-1043 -870 1388 734 
-636 -532 847 448 
434 362 -576 -305 
-3430 -2863 4564 2414 

-891 -1312 718 658 
-542 -800 438 401 
368 543 -296 -272 
-2926 -4312 2359 2162 

-912 -325 -290 382 
-556 -198 -178 233 
368 130 117 -154 
-2989 -1064 -952 1252 

-1118 -780 1277 706 
-696 -487 796 440 
458 320 -522 -289 
-3689 -2576 4214 2330 

-856 -1146 518 575 
-532 -714 323 358 
348 467 -210 -234 
-2821 -3780 1708 1896 

-1174 -626 549 544 
-717 -382 334 332 
458 243 -214 -212 
-3836 -2044 1792 1777 

-3203 -2202 1524 1578 
-1950 -1342 928 961 
1482 1019 -704 -730 
-10668 -7336 5075 5256 

-627 -236 -374 290 
-380 -143 -228 176 
290 108 173 -134 
-2086 -784 -1246 965 

-928 -753 1244 652 
-634 -516 851 446 
453 368 -606 -318 
-3206 -2604 4298 2253 

-844 -1202 669 610 
-576 -822 458 417 
409 584 -324 -296 
-2912 -4151 2310 2106 

-3203 -1950 1482 1524 
-2202 -1342 1019 1048 
1524 928 -704 -725 
-11046 -6727 5110 5256 

-963 -362 -290 404 
-660 -248 -200 277 
458 171 138 -192 
-3318 -1246 -1001 1392 

-903 -608 1036 568 
-632 -427 726 398 
436 294 -499 -274 
-3136 -2114 3598 1973 

-739 -954 444 486 
-516 -668 311 340 
354 458 -212 -233 
-2562 -3311 1540 1686 

-1307 -1074 1592 878 
-906 -746 1104 609 
1522 1251 -1852 -1022 
-5824 -4788 7091 3912 

-1118 -696 458 527 
-780 -487 320 368 
1277 796 -522 -602 
-4942 -3080 2023 2330 

-324 -61 -98 130 
-224 -42 -69 90 
369 68 112 -148 
-1428 -266 -434 573 

-1307 -906 1522 832 
-1074 -746 1251 684 
1592 1104 -1852 -1013 
-6146 -4263 7154 3912 

-1059 -1398 658 708 
-868 -1148 540 581 
1286 1699 -798 -860 
-4970 -6566 3087 3324 

-1902 -1046 892 887 
-1536 -844 719 716 
2278 1251 -1068 -1062 
-8841 -4858 4144 4122 

-186 -82 -108 87 
-149 -66 -88 70 
248 108 145 -116 
-910 -399 -532 426 

-1043 -636 434 490 
-870 -532 362 409 
1388 847 -576 -652 
-5138 -3136 2135 2414 

-46 142 -339 -140 
12 -35 82 34 
-46 138 -332 -137 
175 -532 1274 526 

920 142 -738 -449 
-226 -35 180 110 
885 138 -710 -432 
-3430 -532 2751 1674 

1036 182 -678 -473 
-237 -42 154 108 
994 176 -651 -454 
-3850 -679 2520 1758 

-67 86 -108 -58 
12 -14 19 10 
-74 96 -122 -65 
266 -343 434 232 

906 86 -619 -416 
-142 -14 96 65 
997 96 -682 -458 
-3584 -343 2450 1646 

-56 7 -48 -28 
8 0 7 4 
-63 8 -56 -32 
224 -28 196 113 

-168 162 -406 -177 
154 -147 372 162 
-363 350 -882 -384 
1134 -1092 2751 1198 

738 100 -598 -361 
-716 -98 579 350 
1774 243 -1438 -868 
-5425 -742 4396 2654 

-168 154 -363 -162 
162 -147 350 156 
-406 372 -882 -393 
1239 -1134 2688 1198 

966 154 -636 -441 
-916 -147 602 418 
2317 372 -1526 -1058 
-7070 -1134 4655 3228 

-67 114 -122 -68 
54 -91 96 54 
-158 264 -283 -158 
476 -798 854 477 

1284 114 -899 -594 
-1038 -91 726 480 
2978 264 -2082 -1377 
-9009 -798 6300 4166 

-66 94 -128 -65 
88 -123 170 86 
-107 152 -210 -106 
406 -574 791 400 

-67 12 -74 -38 
86 -14 96 49 
-108 19 -122 -62 
406 -70 455 232 

318 12 -179 -138 
-397 -14 222 172 
494 19 -276 -214 
-1876 -70 1050 813 

-66 88 -107 -58 
94 -123 152 82 
-128 170 -210 -113 
455 -602 742 400 

942 88 -646 -433 
-1306 -123 894 600 
1797 170 -1232 -826 
-6384 -602 4375 2934 

-60 10 -51 -30 
82 -12 70 41 
-115 18 -100 -58 
406 -63 350 204 

108 19 -74 -50 
-558 -98 376 257 
1250 222 -843 -576 
-3633 -644 2450 1674 

-46 12 -46 -25 
142 -35 138 76 
-339 82 -332 -182 
980 -238 959 526 

424 -402 1013 442 
94 -88 222 97 
117 -110 280 122 
1190 -1127 2842 1240 

-2278 -402 1524 1047 
-501 -88 334 230 
-618 -110 413 284 
-6384 -1127 4270 2934 

438 -101 418 232 
80 -18 75 42 
117 -26 112 62 
1218 -280 1162 645 

-2656 -101 1566 1166 
-494 -18 292 217 
-702 -26 413 308 
-7385 -280 4354 3242 

42 -224 498 207 
8 -42 91 38 
14 -69 154 64 
119 -630 1400 582 

-1659 -224 1338 810 
-314 -42 252 153 
-504 -69 406 246 
-4662 -630 3759 2276 

112 -196 204 115 
15 -28 28 16 
28 -48 49 28 
308 -539 560 316 

-2247 -196 1576 1040 
-328 -28 231 152 
-560 -48 392 259 
-6188 -539 4340 2864 

476 -660 905 460 
180 -248 340 173 
145 -200 276 140 
1400 -1939 2660 1352 

-6272 -660 4328 2891 
-2361 -248 1628 1088 
-1892 -200 1305 872 
-18424 -1939 12712 8492 

458 -72 501 258 
171 -26 186 96 
138 -21 152 78 
1344 -210 1470 757 

-5962 -556 4077 2738 
-2128 -198 1454 977 
-1899 -178 1298 872 
-17486 -1631 11956 8030 

368 -53 306 182 
130 -18 107 64 
117 -16 98 58 
1078 -154 896 533 

248 -240 592 259 
108 -103 256 112 
145 -140 348 152 
812 -784 1939 848 

-1383 -240 928 636 
-592 -103 396 272 
-800 -140 537 368 
-4508 -784 3024 2073 

290 -72 277 154 
108 -26 102 57 
173 -42 166 92 
938 -231 896 498 

-1782 -72 1054 783 
-669 -26 396 294 
-1052 -42 621 462 
-5754 -231 3402 2528 

16 -108 241 100 
7 -44 96 40 
12 -73 164 68 
56 -364 812 337 

-824 -108 668 403 
-336 -44 271 164 
-548 -73 444 268 
-2765 -364 2240 1352 

186 -172 397 178 
74 -67 156 70 
124 -114 266 119 
623 -574 1330 596 

-1102 -172 726 503 
-430 -67 282 196 
-723 -114 476 330 
-3668 -574 2415 1674 

280 -868 2073 856 
372 -1148 2744 1133 
-175 540 -1288 -532 
1316 -4067 9716 4012 

-5628 -868 4516 2747 
-7433 -1148 5964 3628 
3500 540 -2807 -1708 
-26348 -4067 21140 12860 

-6358 -1116 4162 2903 
-8388 -1474 5491 3830 
3934 691 -2574 -1796 
-29729 -5222 19460 13574 

413 -532 666 358 
554 -714 896 481 
-252 323 -406 -218 
1946 -2506 3143 1688 

-5614 -532 3837 2578 
-7517 -714 5138 3452 
3402 323 -2324 -1562 
-26404 -2506 18046 12125 

1034 -948 2237 998 
1608 -1474 3482 1553 
-763 698 -1650 -736 
5446 -4991 11788 5258 

-5938 -948 3910 2711 
-9221 -1474 6072 4210 
4368 698 -2875 -1994 
-31234 -4991 20566 14260 

413 -700 750 418 
638 -1078 1155 644 
-294 498 -532 -297 
2156 -3647 3906 2178 

-7882 -700 5517 3646 
-12144 -1078 8498 5617 
5621 498 -3934 -2600 
-41090 -3647 28756 19006 

406 -576 786 399 
579 -822 1124 570 
-324 458 -627 -318 
2058 -2919 3990 2024 

409 -72 452 232 
584 -103 648 332 
-324 56 -359 -184 
2072 -364 2296 1177 

-1936 -72 1089 840 
-2748 -103 1544 1192 
1524 56 -856 -661 
-9765 -364 5488 4236 

408 -542 661 358 
602 -800 978 529 
-331 438 -536 -290 
2114 -2807 3430 1856 

-5794 -542 3972 2663 
-8533 -800 5850 3922 
4674 438 -3203 -2148 
-29960 -2807 20538 13770 

368 -60 313 184 
543 -88 464 272 
-296 47 -252 -148 
1904 -308 1624 953 

-1474 -261 998 680 
-2832 -502 1915 1306 
1349 238 -912 -622 
-9170 -1624 6202 4229 

458 -114 452 247 
843 -208 830 454 
-394 98 -387 -212 
2744 -679 2702 1478 

-5938 -9221 4368 4462 
-948 -1474 698 713 
3910 6072 -2875 -2938 
-18977 -29470 13958 14260 

-6883 -4700 3342 3394 
-1202 -822 584 593 
4620 3155 -2242 -2278 
-22162 -15134 10759 10928 

-1383 -592 -800 644 
-240 -103 -140 112 
928 396 537 -432 
-4452 -1904 -2576 2073 

-1810 -2580 1517 1322 
-352 -502 294 257 
1173 1670 -982 -856 
-5782 -8239 4844 4222 

-9403 -5792 4434 4498 
-1790 -1102 843 856 
6090 3750 -2872 -2913 
-30016 -18487 14154 14358 

-5794 -8533 4674 4280 
-542 -800 438 401 
3972 5850 -3203 -2934 
-18641 -27454 15036 13770 

-7324 -5112 8372 4627 
-696 -487 796 440 
5009 3496 -5724 -3164 
-23548 -16436 26915 14876 

-5614 -7517 3402 3772 
-532 -714 323 358 
3837 5138 -2324 -2578 
-18046 -24164 10934 12125 

-20878 -12714 9664 9935 
-2202 -1342 1019 1048 
14404 8771 -6666 -6854 
-67361 -41020 31178 32054 

-6272 -2361 -1892 2632 
-660 -248 -200 277 
4328 1628 1305 -1816 
-20237 -7616 -6104 8492 

-5898 -3974 6773 3712 
-632 -427 726 398 
4070 2742 -4672 -2561 
-19033 -12824 21854 11978 

-4832 -6240 2908 3179 
-516 -668 311 340 
3332 4303 -2004 -2192 
-15589 -20132 9380 10256 

-5735 -3572 2352 2704 
-780 -487 320 368 
4624 2880 -1895 -2180 
-19600 -12208 8036 9241 

-5628 -7433 3500 3764 
-868 -1148 540 581 
4516 5964 -2807 -3020 
-19229 -25396 11956 12860 

-7404 -1312 4952 3403 
-4508 -800 3015 2072 
3064 543 -2048 -1408 
-24325 -4312 16268 11180 

1430 -325 1368 758 
875 -198 838 464 
-576 130 -550 -305 
4690 -1064 4487 2486 

-8622 -325 5078 3784 
-5264 -198 3099 2310 
3477 130 -2048 -1526 
-28266 -1064 16646 12405 

152 -780 1740 723 
96 -487 1088 452 
-63 320 -712 -296 
504 -2576 5747 2388 

-5735 -780 4624 2800 
-3572 -487 2880 1744 
2352 320 -1895 -1148 
-18928 -2576 15260 9241 

-9032 -362 5334 3967 
-6198 -248 3659 2722 
4294 171 -2536 -1886 
-31129 -1246 18382 13672 

98 -608 1365 566 
70 -427 960 398 
-48 294 -658 -273 
343 -2114 4746 1968 

-6062 -954 3992 2767 
-4237 -668 2790 1934 
2910 458 -1915 -1328 
-21028 -3311 13846 9598 

348 -1074 2573 1062 
243 -746 1788 738 
-406 1251 -2994 -1236 
1554 -4788 11466 4733 

-6946 -1074 5576 3391 
-4818 -746 3867 2352 
8092 1251 -6494 -3950 
-30961 -4788 24850 15114 

537 -696 872 468 
376 -487 612 328 
-616 796 -999 -536 
2380 -3080 3864 2073 

-8740 -1398 5758 3991 
-7170 -1148 4723 3274 
10622 1699 -6996 -4850 
-41041 -6566 27034 18740 

621 -1046 1124 626 
502 -844 906 505 
-742 1251 -1342 -748 
2884 -4858 5215 2906 

-11762 -1046 8229 5440 
-9501 -844 6646 4394 
14084 1251 -9854 -6514 
-54670 -4858 38248 25285 

453 -82 504 258 
368 -66 411 210 
-606 108 -674 -345 
2226 -399 2478 1268 

-2130 -82 1197 924 
-1718 -66 964 745 
2845 108 -1598 -1234 
-10444 -399 5866 4530 

476 -636 777 420 
399 -532 652 352 
-636 847 -1036 -560 
2352 -3136 3836 2073 

-6776 -636 4648 3115 
-5656 -532 3879 2600 
9024 847 -6188 -4148 
-33397 -3136 22904 15352 

409 584 -324 -296 
-72 -103 56 52 
452 648 -359 -328 
-1624 -2324 1288 1177 

537 376 -616 -340 
-696 -487 796 440 
872 612 -999 -552 
-3276 -2296 3752 2073 

-1939 -1206 796 914 
-828 -514 339 390 
-1118 -696 458 527 
-6314 -3927 2590 2976 

-3283 -2298 3764 2078 
-4692 -3286 5379 2970 
2606 1824 -2986 -1649 
-16646 -11655 19082 10536 

3342 -592 3701 1898 
584 -103 648 332 
-2242 396 -2482 -1273 
10759 -1904 11914 6110 

2754 -3572 4477 2402 
376 -487 612 328 
-2222 2880 -3610 -1937 
9415 -12208 15302 8210 

928 -1206 1509 810 
396 -514 642 345 
537 -696 872 468 
3024 -3927 4914 2638 

-5 0 2 2 
0 1 0 0 
2 0 -2 -1 
-14 0 7 6 

-5 -2 0 2 
-2 -2 0 1 
0 0 1 0 
-14 -7 0 6 

-28 0 8 11 
0 1 0 0 
20 0 -7 -8 
-91 0 28 36 

-9 -4 4 4 
-4 -2 3 2 
4 3 -2 -2 
-28 -14 14 13 

0 0 1 0 
0 1 0 0 
-1 0 0 0 
0 0 0 1 

-18 -2 4 7 
-10 -2 3 4 
-5 0 2 2 
-56 -7 14 22 

-4 -2 -3 2 
-3 -2 -4 2 
2 0 2 -1 
-14 -7 -14 8 

-38 -18 5 16 
-2 -2 0 1 
24 11 -2 -10 
-119 -56 14 50 

-54 -21 26 24 
-4 -2 3 2 
38 16 -18 -17 
-175 -70 84 78 

-58 -4 18 23 
-35 -2 12 14 
30 3 -10 -12 
-196 -14 63 78 

-2 -4 -3 2 
0 -2 -2 1 
2 3 4 -2 
-7 -14 -14 8 

4 3 -2 -2 
-2 -2 0 1 
3 4 -2 -2 
-14 -14 7 8 

2 0 -2 -1 
-4 -2 3 2 
3 2 -4 -2 
-14 -7 14 8 

-24 -10 5 10 
-10 -3 2 4 
-5 -2 0 2 
-70 -28 14 29 

-28 -9 12 12 
-12 -4 4 5 
-9 -4 4 4 
-84 -28 35 36 

-24 -17 12 12 
-31 -24 16 16 
16 12 -7 -8 
-112 -84 56 57 

-14 -2 12 7 
-19 -4 18 10 
12 3 -10 -6 
-70 -14 63 36 

-173 -18 46 68 
-10 -2 3 4 
102 11 -26 -40 
-532 -56 140 209 

-26 -18 -24 15 
-3 -2 -4 2 
18 11 16 -10 
-84 -56 -77 48 

-358 -21 112 142 
-35 -2 12 14 
252 16 -79 -100 
-1162 -70 364 461 

-8 -21 -14 10 
0 -2 -2 1 
7 16 12 -8 
-28 -70 -49 34 

-68 -28 9 28 
-39 -16 4 16 
32 12 -4 -13 
-224 -91 28 92 

-96 -37 42 42 
-59 -24 26 26 
46 18 -19 -20 
-322 -126 140 141 

-26 -21 16 14 
-18 -16 11 10 
32 26 -18 -17 
-119 -98 70 64 

-12 -2 14 7 
-10 -3 12 6 
18 4 -19 -10 
-63 -14 70 36 

30 3 -10 -12 
-10 -2 3 4 
32 4 -12 -13 
-119 -14 42 48 

2 3 4 -2 
-3 -2 -4 2 
4 4 9 -4 
-14 -14 -28 13 

20 0 -7 -8 
-35 -2 12 14 
42 2 -16 -17 
-154 -7 56 62 

-1 0 0 0 
0 -2 -2 1 
0 2 5 -2 
0 -7 -14 6 

-117 -10 32 46 
-46 -3 12 18 
-18 -2 4 7 
-336 -28 91 132 

-12 -10 -10 7 
-4 -3 -2 2 
-4 -2 -3 2 
-35 -28 -28 20 

-172 -9 52 68 
-66 -4 19 26 
-58 -4 18 23 
-511 -28 154 202 

-4 -9 -4 4 
-3 -4 -2 2 
-2 -4 -3 2 
-14 -28 -14 13 

-180 -17 60 72 
-242 -24 82 97 
115 12 -38 -46 
-854 -84 287 342 

-12 -17 -24 12 
-18 -24 -37 18 
10 12 18 -9 
-63 -84 -126 62 

-130 -2 45 52 
-192 -4 68 77 
110 3 -38 -44 
-679 -14 238 272 

3 -2 -4 2 
4 -4 -9 4 
-2 3 4 -2 
14 -14 -28 13 

-213 -86 38 88 
-10 -3 2 4 
128 52 -24 -53 
-658 -266 119 272 

-269 -94 114 116 
-12 -4 4 5 
158 54 -67 -68 
-826 -287 350 356 

-192 -142 101 98 
-31 -24 16 16 
128 94 -66 -65 
-616 -455 322 314 

-108 -17 100 56 
-19 -4 18 10 
74 12 -67 -38 
-350 -56 322 181 

-424 -178 54 175 
-39 -16 4 16 
296 123 -38 -122 
-1372 -574 175 566 

-606 -236 269 266 
-59 -24 26 26 
422 164 -186 -185 
-1960 -763 868 860 

-130 -108 82 71 
-18 -16 11 10 
107 88 -66 -58 
-448 -371 280 244 

-60 -12 73 36 
-10 -3 12 6 
51 10 -60 -30 
-210 -42 252 125 

-301 -28 78 118 
-166 -16 42 65 
138 12 -35 -54 
-980 -91 252 384 

-42 -28 -34 23 
-26 -16 -21 14 
19 12 14 -10 
-140 -91 -112 76 

-606 -37 186 240 
-376 -24 116 149 
283 18 -86 -112 
-2030 -126 623 804 

-18 -37 -24 18 
-12 -24 -17 12 
10 18 12 -9 
-63 -126 -84 62 

-224 -21 78 90 
-159 -16 56 64 
264 26 -91 -106 
-1008 -98 350 405 

-14 -21 -34 16 
-12 -16 -28 13 
19 26 42 -20 
-70 -98 -161 76 

-144 -2 53 58 
-124 -3 46 50 
199 4 -72 -80 
-728 -14 266 293 

32 12 -4 -13 
-10 -3 2 4 
30 10 -3 -12 
-119 -42 14 48 

46 18 -19 -20 
-12 -4 4 5 
46 19 -18 -20 
-175 -70 70 76 

32 26 -18 -17 
-31 -24 16 16 
72 59 -38 -38 
-224 -182 119 118 

18 4 -19 -10 
-19 -4 18 10 
46 12 -46 -25 
-140 -35 140 76 

24 11 -2 -10 
-39 -16 4 16 
44 18 -3 -18 
-168 -70 14 69 

38 16 -18 -17 
-59 -24 26 26 
72 31 -32 -32 
-266 -112 119 118 

3 4 -2 -2 
-18 -16 11 10 
44 39 -24 -24 
-126 -112 70 69 

-82 -60 45 42 
-18 -12 10 9 
-24 -17 12 12 
-231 -168 126 118 

-42 -5 40 22 
-8 0 7 4 
-14 -2 12 7 
-119 -14 112 62 

-210 -90 28 87 
-82 -35 12 34 
-68 -28 9 28 
-623 -266 84 258 

-296 -114 133 130 
-112 -42 50 49 
-96 -37 42 42 
-875 -336 392 384 

-42 -34 28 23 
-19 -14 12 10 
-26 -21 16 14 
-140 -112 91 76 

-16 -2 21 10 
-7 0 8 4 
-12 -2 14 7 
-56 -7 70 34 

-194 -74 24 79 
-256 -96 31 104 
123 46 -16 -50 
-910 -343 112 370 

-280 -110 117 122 
-372 -147 154 162 
175 68 -72 -76 
-1316 -518 546 573 

-194 -158 108 103 
-298 -243 164 158 
144 116 -79 -76 
-1015 -826 560 538 

-112 -26 117 62 
-176 -42 182 97 
84 19 -86 -46 
-595 -140 616 328 

-154 -69 14 64 
-222 -98 19 92 
128 56 -12 -53 
-791 -350 70 328 

-240 -100 112 107 
-350 -147 162 156 
198 82 -91 -88 
-1239 -518 574 552 

-49 -48 28 28 
-96 -91 54 54 
44 42 -26 -25 
-308 -294 175 174 

-1656 -94 502 655 
-66 -4 19 26 
971 54 -294 -384 
-5082 -287 1540 2010 

-46 -94 -51 44 
-3 -4 -2 2 
26 54 28 -25 
-140 -287 -154 134 

-1493 -142 504 598 
-242 -24 82 97 
984 94 -331 -394 
-4774 -455 1610 1912 

-100 -142 -210 103 
-18 -24 -37 18 
67 94 138 -68 
-322 -455 -672 330 

-1068 -17 376 428 
-192 -4 68 77 
719 12 -252 -288 
-3444 -56 1211 1380 

24 -17 -44 20 
4 -4 -9 4 
-16 12 28 -13 
77 -56 -140 64 

-1872 -178 485 734 
-166 -16 42 65 
1306 123 -338 -512 
-6055 -574 1568 2374 

-269 -178 -222 148 
-26 -16 -21 14 
186 123 152 -102 
-868 -574 -714 477 

-112 -236 -156 115 
-12 -24 -17 12 
79 164 108 -80 
-364 -763 -504 372 

-1144 -108 401 460 
-159 -16 56 64 
928 88 -324 -373 
-3920 -371 1372 1576 

-73 -108 -180 84 
-12 -16 -28 13 
60 88 145 -68 
-252 -371 -616 288 

-749 -12 278 302 
-124 -3 46 50 
618 10 -228 -249 
-2590 -42 959 1044 

-276 -200 145 140 
-170 -123 88 86 
115 82 -60 -58 
-910 -658 476 461 

-152 -21 138 78 
-96 -14 86 49 
63 8 -56 -32 
-504 -70 455 258 

-724 -304 96 299 
-446 -186 59 184 
339 142 -46 -140 
-2422 -1015 322 1000 

-1022 -394 453 448 
-630 -243 278 276 
475 182 -210 -208 
-3416 -1316 1512 1497 

-220 -178 138 119 
-152 -123 94 82 
108 86 -67 -58 
-763 -616 476 412 

-98 -16 117 58 
-70 -12 82 41 
48 7 -56 -28 
-343 -56 406 202 

-234 -88 26 95 
-163 -60 18 66 
276 103 -32 -112 
-1050 -392 119 426 

-348 -140 145 152 
-243 -98 100 106 
406 162 -168 -177 
-1554 -623 644 678 

-276 -228 152 147 
-226 -186 123 120 
339 278 -186 -180 
-1302 -1071 714 692 

-166 -42 173 92 
-138 -35 142 76 
203 50 -210 -112 
-784 -196 812 433 

-164 -73 12 68 
-138 -60 10 57 
227 100 -18 -94 
-826 -364 63 342 

-266 -114 124 119 
-224 -96 103 100 
363 154 -168 -162 
-1330 -567 616 594 

283 18 -86 -112 
-66 -4 19 26 
278 19 -84 -110 
-1064 -70 322 421 

10 18 12 -9 
-3 -4 -2 2 
12 19 14 -10 
-42 -70 -49 36 

264 26 -91 -106 
-242 -24 82 97 
578 59 -198 -232 
-1799 -182 616 722 

199 4 -72 -80 
-192 -4 68 77 
488 12 -175 -196 
-1484 -35 532 596 

-4 4 12 -5 
4 -4 -9 4 
-9 12 28 -12 
28 -35 -84 36 

102 11 -26 -40 
-166 -16 42 65 
179 18 -44 -70 
-700 -70 175 274 

18 11 16 -10 
-26 -16 -21 14 
32 18 26 -17 
-119 -70 -98 64 

252 16 -79 -100 
-376 -24 116 149 
464 31 -144 -184 
-1715 -112 532 680 

7 16 12 -8 
-12 -24 -17 12 
16 31 24 -16 
-56 -112 -84 57 

32 4 -12 -13 
-159 -16 56 64 
368 39 -128 -148 
-1064 -112 371 428 

4 4 9 -4 
-12 -16 -28 13 
32 39 68 -32 
-91 -112 -196 92 

-649 -60 220 260 
-140 -12 47 56 
-180 -17 60 72 
-1820 -168 616 729 

-40 -60 -88 43 
-7 -12 -16 8 
-12 -17 -24 12 
-112 -168 -245 120 

-424 -5 150 170 
-75 0 26 30 
-130 -2 45 52 
-1190 -14 420 477 

10 -5 -18 8 
2 0 -2 1 
3 -2 -4 2 
28 -14 -49 22 

-938 -90 245 368 
-372 -35 98 146 
-301 -28 78 118 
-2786 -266 728 1093 

-133 -90 -112 74 
-50 -35 -42 28 
-42 -28 -34 23 
-392 -266 -329 218 

-52 -114 -74 55 
-19 -42 -26 20 
-18 -37 -24 18 
-154 -336 -217 162 

-378 -34 133 152 
-162 -14 56 65 
-224 -21 78 90 
-1239 -112 434 498 

-21 -34 -56 26 
-8 -14 -21 10 
-14 -21 -34 16 
-70 -112 -182 85 

-213 -2 80 86 
-82 0 30 33 
-144 -2 53 58 
-714 -7 266 288 

-1733 -110 528 686 
-2294 -147 698 908 
1074 68 -326 -425 
-8120 -518 2471 3214 

-60 -110 -74 55 
-82 -147 -100 74 
38 68 45 -34 
-287 -518 -350 260 

-1229 -26 444 494 
-1916 -42 691 770 
906 19 -326 -364 
-6482 -140 2338 2605 

24 -26 -74 31 
37 -42 -114 48 
-18 19 52 -22 
126 -140 -385 162 

-658 -69 168 258 
-939 -98 238 368 
546 56 -139 -214 
-3360 -350 854 1317 

-112 -69 -98 62 
-162 -98 -140 89 
91 56 78 -50 
-574 -350 -497 316 

-1578 -100 493 626 
-2294 -147 716 910 
1291 82 -402 -512 
-8120 -518 2534 3221 

-45 -100 -74 50 
-68 -147 -110 74 
38 82 60 -41 
-238 -518 -385 260 

-434 -48 154 175 
-834 -91 294 336 
392 42 -139 -158 
-2695 -294 952 1086 

-42 -48 -91 42 
-78 -91 -168 78 
35 42 78 -36 
-252 -294 -546 253 

-2006 -852 269 830 
-82 -35 12 34 
1179 502 -158 -488 
-6160 -2618 826 2549 

-2822 -1085 1260 1238 
-112 -42 50 49 
1659 638 -742 -728 
-8666 -3332 3871 3802 

-494 -397 318 268 
-19 -14 12 10 
276 222 -179 -150 
-1498 -1204 966 813 

-204 -28 252 123 
-7 0 8 4 
112 15 -140 -68 
-616 -84 763 372 

-1593 -604 192 648 
-256 -96 31 104 
1052 399 -128 -428 
-5096 -1932 616 2073 

-2317 -916 966 1010 
-372 -147 154 162 
1526 602 -636 -665 
-7406 -2926 3087 3228 

-994 -237 1036 550 
-176 -42 182 97 
651 154 -678 -360 
-3178 -756 3311 1758 

-1250 -558 108 519 
-222 -98 19 92 
843 376 -74 -350 
-4032 -1799 350 1674 

-1968 -826 917 878 
-350 -147 162 156 
1323 554 -616 -590 
-6342 -2660 2954 2829 

-494 -474 276 279 
-96 -91 54 54 
318 306 -179 -180 
-1575 -1512 882 890 

-1797 -1306 942 912 
-170 -123 88 86 
1232 894 -646 -625 
-5782 -4200 3031 2934 

-997 -142 906 512 
-96 -14 86 49 
682 96 -619 -350 
-3206 -455 2912 1646 

-1426 -1158 893 772 
-152 -123 94 82 
987 800 -618 -534 
-4606 -3738 2884 2493 

-642 -109 766 380 
-70 -12 82 41 
443 74 -528 -262 
-2072 -350 2471 1226 

-1188 -445 130 482 
-163 -60 18 66 
966 362 -107 -392 
-4074 -1526 448 1653 

-1774 -716 738 775 
-243 -98 100 106 
1438 579 -598 -628 
-6076 -2450 2527 2654 

-1461 -1208 802 778 
-226 -186 123 120 
1176 971 -646 -626 
-4998 -4130 2744 2661 

-885 -226 920 490 
-138 -35 142 76 
710 180 -738 -393 
-3024 -770 3143 1674 

-845 -374 60 350 
-138 -60 10 57 
700 310 -51 -290 
-2926 -1295 210 1212 

-1377 -592 640 616 
-224 -96 103 100 
1136 487 -528 -508 
-4760 -2044 2212 2129 

-2133 -200 718 854 
-1304 -123 438 522 
882 82 -296 -353 
-7014 -658 2359 2808 

-138 -200 -290 143 
-86 -123 -178 88 
56 82 117 -58 
-455 -658 -952 470 

-1478 -21 518 592 
-924 -14 323 370 
602 8 -210 -241 
-4879 -70 1708 1954 

34 -21 -56 26 
21 -14 -34 16 
-14 8 21 -10 
112 -70 -182 85 

-3218 -304 837 1262 
-1979 -186 514 776 
1512 142 -394 -593 
-10766 -1015 2800 4222 

-453 -304 -374 250 
-278 -186 -228 153 
210 142 173 -116 
-1512 -1015 -1246 834 

-1916 -178 669 770 
-1314 -123 458 528 
931 86 -324 -374 
-6622 -616 2310 2661 

-117 -178 -290 136 
-82 -123 -200 94 
56 86 138 -65 
-406 -616 -1001 470 

-1201 -16 444 484 
-844 -12 311 340 
576 7 -212 -232 
-4172 -56 1540 1681 

-2157 -140 658 854 
-1498 -98 456 593 
2506 162 -763 -992 
-9604 -623 2926 3802 

-78 -140 -98 71 
-56 -98 -69 50 
91 162 112 -82 
-350 -623 -434 316 

-1821 -42 658 732 
-1498 -35 540 602 
2212 50 -798 -889 
-8554 -196 3087 3438 

34 -42 -112 47 
28 -35 -90 38 
-42 50 133 -56 
161 -196 -518 218 

-684 -73 172 268 
-572 -60 143 224 
952 100 -240 -373 
-3451 -364 868 1352 

-124 -73 -108 68 
-103 -60 -88 56 
168 100 145 -92 
-616 -364 -532 337 

-1754 -114 549 696 
-1467 -96 458 582 
2382 154 -744 -945 
-8736 -567 2730 3466 

-53 -114 -88 58 
-46 -96 -74 49 
72 154 117 -78 
-266 -567 -434 288 

339 142 -46 -140 
-82 -35 12 34 
332 138 -46 -137 
-1274 -532 175 526 

475 182 -210 -208 
-112 -42 50 49 
462 176 -203 -202 
-1778 -679 784 778 

108 86 -67 -58 
-19 -14 12 10 
122 96 -74 -65 
-434 -343 266 232 

48 7 -56 -28 
-7 0 8 4 
56 8 -63 -32 
-196 -28 224 113 

276 103 -32 -112 
-256 -96 31 104 
604 224 -72 -245 
-1883 -700 224 764 

406 162 -168 -177 
-372 -147 154 162 
882 350 -363 -384 
-2751 -1092 1134 1198 

227 100 -18 -94 
-222 -98 19 92 
556 243 -46 -230 
-1694 -742 140 701 

363 154 -168 -162 
-350 -147 162 156 
882 372 -406 -393 
-2688 -1134 1239 1198 

122 114 -67 -68 
-96 -91 54 54 
283 264 -158 -158 
-854 -798 476 477 

128 94 -66 -65 
-170 -123 88 86 
210 152 -107 -106 
-791 -574 406 400 

74 12 -67 -38 
-96 -14 86 49 
122 19 -108 -62 
-455 -70 406 232 

107 88 -66 -58 
-152 -123 94 82 
210 170 -128 -113 
-742 -602 455 400 

51 10 -60 -30 
-70 -12 82 41 
100 18 -115 -58 
-350 -63 406 204 

30 10 -3 -12 
-163 -60 18 66 
378 138 -44 -153 
-1092 -399 126 442 

46 19 -18 -20 
-243 -98 100 106 
556 222 -227 -242 
-1610 -644 658 701 

72 59 -38 -38 
-226 -186 123 120 
546 446 -296 -289 
-1575 -1288 854 834 

46 12 -46 -25 
-138 -35 142 76 
332 82 -339 -182 
-959 -238 980 526 

-693 -264 82 282 
-152 -59 18 62 
-194 -74 24 79 
-1946 -742 231 792 

-1013 -402 424 442 
-222 -88 94 97 
-280 -110 117 122 
-2842 -1127 1190 1240 

-418 -101 438 232 
-75 -18 80 42 
-112 -26 117 62 
-1162 -280 1218 645 

-498 -224 42 207 
-91 -42 8 38 
-154 -69 14 64 
-1400 -630 119 582 

-788 -332 369 352 
-143 -60 68 64 
-240 -100 112 107 
-2212 -931 1036 988 

-204 -196 112 115 
-28 -28 15 16 
-49 -48 28 28 
-560 -539 308 316 

-905 -660 476 460 
-340 -248 180 173 
-276 -200 145 140 
-2660 -1939 1400 1352 

-501 -72 458 258 
-186 -26 171 96 
-152 -21 138 78 
-1470 -210 1344 757 

-682 -556 429 370 
-243 -198 154 132 
-220 -178 138 119 
-2002 -1631 1260 1086 

-306 -53 368 182 
-107 -18 130 64 
-98 -16 117 58 
-896 -154 1078 533 

-394 -149 42 160 
-172 -66 19 70 
-234 -88 26 95 
-1295 -490 140 526 

-592 -240 248 259 
-256 -103 108 112 
-348 -140 145 152 
-1939 -784 812 848 

-457 -380 252 244 
-172 -143 96 92 
-276 -228 152 147 
-1484 -1232 819 792 

-277 -72 290 154 
-102 -26 108 57 
-166 -42 173 92 
-896 -231 938 498 

-241 -108 16 100 
-96 -44 7 40 
-164 -73 12 68 
-812 -364 56 337 

-397 -172 186 178 
-156 -67 74 70 
-266 -114 124 119 
-1330 -574 623 596 

-2073 -868 280 856 
-2744 -1148 372 1133 
1288 540 -175 -532 
-9716 -4067 1316 4012 

-2909 -1116 1286 1274 
-3846 -1474 1699 1684 
1804 691 -798 -790 
-13622 -5222 6020 5965 

-666 -532 413 358 
-896 -714 554 481 
406 323 -252 -218 
-3143 -2506 1946 1688 

-298 -45 348 174 
-402 -60 467 234 
180 26 -210 -105 
-1407 -210 1638 820 

-1401 -616 112 580 
-2184 -959 176 904 
1036 456 -84 -429 
-7392 -3248 595 3060 

-2237 -948 1034 998 
-3482 -1474 1608 1553 
1650 698 -763 -736 
-11788 -4991 5446 5258 

-750 -700 413 418 
-1155 -1078 638 644 
532 498 -294 -297 
-3906 -3647 2156 2178 

-786 -576 406 399 
-1124 -822 579 570 
627 458 -324 -318 
-3990 -2919 2058 2024 

-452 -72 409 232 
-648 -103 584 332 
359 56 -324 -184 
-2296 -364 2072 1177 

-661 -542 408 358 
-978 -800 602 529 
536 438 -331 -290 
-3430 -2807 2114 1856 

-313 -60 368 184 
-464 -88 543 272 
252 47 -296 -148 
-1624 -308 1904 953 

-436 -156 49 176 
-844 -304 96 341 
396 143 -44 -160 
-2723 -980 308 1100 

-648 -261 262 282 
-1250 -502 507 544 
590 238 -240 -257 
-4039 -1624 1638 1758 

-730 -597 392 386 
-1348 -1102 726 713 
627 514 -338 -332 
-4382 -3584 2359 2318 

-452 -114 458 247 
-830 -208 843 454 
387 98 -394 -212 
-2702 -679 2744 1478 

-8953 -852 2336 3512 
-372 -35 98 146 
5264 502 -1374 -2065 
-27496 -2618 7175 10786 

-1260 -852 -1052 699 
-50 -35 -42 28 
742 502 621 -412 
-3871 -2618 -3234 2148 

-502 -1085 -702 524 
-19 -42 -26 20 
294 638 413 -308 
-1540 -3332 -2156 1609 

-4354 -397 1524 1750 
-162 -14 56 65 
2443 222 -856 -982 
-13216 -1204 4627 5312 

-252 -397 -646 302 
-8 -14 -21 10 
140 222 362 -169 
-763 -1204 -1960 916 

-2574 -28 957 1038 
-82 0 30 33 
1428 15 -532 -576 
-7791 -84 2898 3142 

-14336 -916 4368 5675 
-2294 -147 698 908 
9438 602 -2875 -3736 
-45815 -2926 13958 18136 

-504 -916 -623 460 
-82 -147 -100 74 
331 602 408 -302 
-1610 -2926 -1988 1469 

-10892 -237 3934 4378 
-1916 -42 691 770 
7128 154 -2574 -2865 
-34811 -756 12572 13992 

210 -237 -658 276 
37 -42 -114 48 
-138 154 429 -180 
672 -756 -2100 881 

-5306 -558 1349 2080 
-939 -98 238 368 
3584 376 -912 -1405 
-17122 -1799 4354 6712 

-917 -558 -800 506 
-162 -98 -140 89 
616 376 537 -340 
-2954 -1799 -2576 1630 

-12941 -826 4044 5134 
-2294 -147 716 910 
8694 554 -2716 -3449 
-41692 -2660 13027 16540 

-376 -826 -618 415 
-68 -147 -110 74 
252 554 413 -278 
-1211 -2660 -1988 1336 

-4298 -474 1517 1732 
-834 -91 294 336 
2779 306 -982 -1120 
-13720 -1512 4844 5529 

-413 -474 -884 410 
-78 -91 -168 78 
266 306 572 -265 
-1316 -1512 -2821 1308 

-13884 -1306 4674 5559 
-1304 -123 438 522 
9516 894 -3203 -3810 
-44667 -4200 15036 17884 

-906 -1306 -1899 936 
-86 -123 -178 88 
619 894 1298 -640 
-2912 -4200 -6104 3009 

-9704 -142 3402 3887 
-924 -14 323 370 
6631 96 -2324 -2656 
-31192 -455 10934 12494 

-766 -1158 -1892 887 
-82 -123 -200 94 
528 800 1305 -612 
-2471 -3738 -6104 2862 

-7866 -109 2908 3170 
-844 -12 311 340 
5422 74 -2004 -2185 
-25375 -350 9380 10226 

-10992 -716 3353 4352 
-1498 -98 456 593 
8906 579 -2716 -3526 
-37639 -2450 11480 14902 

-401 -716 -504 364 
-56 -98 -69 50 
324 579 406 -294 
-1372 -2450 -1722 1245 

-9690 -226 3500 3895 
-1498 -35 540 602 
7772 180 -2807 -3124 
-33103 -770 11956 13306 

180 -226 -595 250 
28 -35 -90 38 
-145 180 476 -200 
616 -770 -2030 853 

-3510 -374 880 1375 
-572 -60 143 224 
2915 310 -732 -1142 
-12166 -1295 3052 4766 

-640 -374 -555 350 
-103 -60 -88 56 
528 310 458 -289 
-2212 -1295 -1918 1210 

-9070 -592 2838 3599 
-1467 -96 458 582 
7480 487 -2340 -2968 
-31346 -2044 9807 12438 

-278 -592 -459 302 
-46 -96 -74 49 
228 487 376 -248 
-959 -2044 -1582 1042 

-2285 -870 276 930 
-1398 -532 170 569 
948 362 -115 -386 
-7518 -2863 910 3060 

-3321 -1312 1388 1448 
-2028 -800 847 884 
1376 543 -576 -600 
-10920 -4312 4564 4761 

-1368 -325 1430 758 
-838 -198 875 464 
550 130 -576 -305 
-4487 -1064 4690 2486 

-1740 -780 152 723 
-1088 -487 96 452 
712 320 -63 -296 
-5747 -2576 504 2388 

-2734 -1146 1277 1220 
-1706 -714 796 761 
1116 467 -522 -498 
-9023 -3780 4214 4026 

-648 -626 362 367 
-395 -382 222 224 
250 243 -140 -142 
-2114 -2044 1183 1198 

-3029 -2202 1592 1538 
-1848 -1342 971 938 
1402 1019 -738 -712 
-10094 -7336 5306 5125 

-1673 -236 1524 860 
-1020 -143 928 524 
772 108 -704 -397 
-5572 -784 5075 2864 

-2000 -753 220 812 
-1372 -516 152 557 
975 368 -108 -396 
-6916 -2604 763 2808 

-2982 -1202 1244 1303 
-2042 -822 851 892 
1451 584 -606 -634 
-10304 -4151 4298 4502 

-2357 -1950 1298 1256 
-1624 -1342 894 865 
1122 928 -619 -598 
-8134 -6727 4480 4334 

-1421 -362 1482 788 
-978 -248 1019 542 
674 171 -704 -374 
-4900 -1246 5110 2717 

-1365 -608 98 566 
-960 -427 70 398 
658 294 -48 -273 
-4746 -2114 343 1968 

-2221 -954 1036 994 
-1558 -668 726 697 
1068 458 -499 -478 
-7714 -3311 3598 3452 

-2573 -1074 348 1062 
-1788 -746 243 738 
2994 1251 -406 -1236 
-11466 -4788 1554 4733 

-872 -696 537 468 
-612 -487 376 328 
999 796 -616 -536 
-3864 -3080 2380 2073 

-396 -61 458 230 
-278 -42 320 161 
451 68 -522 -262 
-1750 -266 2023 1016 

-2069 -906 166 856 
-1704 -746 138 705 
2518 1104 -203 -1042 
-9730 -4263 784 4026 

-3301 -1398 1522 1472 
-2714 -1148 1251 1210 
4014 1699 -1852 -1790 
-15512 -6566 7154 6917 

-1124 -1046 621 626 
-906 -844 502 505 
1342 1251 -742 -748 
-5215 -4858 2884 2906 

-504 -82 453 258 
-411 -66 368 210 
674 108 -606 -345 
-2478 -399 2226 1268 

-777 -636 476 420 
-652 -532 399 352 
1036 847 -636 -560 
-3836 -3136 2352 2073 

1512 142 -394 -593 
-372 -35 98 146 
1484 138 -387 -582 
-5691 -532 1484 2232 

210 142 173 -116 
-50 -35 -42 28 
203 138 166 -112 
-784 -532 -644 433 

86 182 117 -88 
-19 -42 -26 20 
84 176 112 -85 
-322 -679 -434 328 

931 86 -324 -374 
-162 -14 56 65 
1036 96 -359 -416 
-3710 -343 1288 1490 

56 86 138 -65 
-8 -14 -21 10 
63 96 152 -72 
-224 -343 -546 258 

576 7 -212 -232 
-82 0 30 33 
651 8 -238 -262 
-2310 -28 847 930 

2506 162 -763 -992 
-2294 -147 698 908 
5427 350 -1650 -2148 
-16940 -1092 5152 6705 

168 100 145 -92 
-162 -98 -140 89 
406 243 348 -222 
-1239 -742 -1064 678 

2382 154 -744 -945 
-2294 -147 716 910 
5768 372 -1799 -2288 
-17591 -1134 5488 6978 

72 154 117 -78 
-68 -147 -110 74 
175 372 280 -188 
-532 -1134 -854 573 

1043 114 -366 -420 
-834 -91 294 336 
2436 264 -856 -981 
-7350 -798 2583 2960 

98 114 208 -97 
-78 -91 -168 78 
224 264 481 -224 
-679 -798 -1456 678 

984 94 -331 -394 
-1304 -123 438 522 
1599 152 -536 -640 
-6048 -574 2030 2421 

719 12 -252 -288 
-924 -14 323 370 
1164 19 -406 -466 
-4368 -70 1526 1749 

-16 12 28 -13 
21 -14 -34 16 
-26 19 42 -20 
98 -70 -161 76 

928 88 -324 -373 
-1314 -123 458 528 
1802 170 -627 -724 
-6391 -602 2226 2568 

60 88 145 -68 
-82 -123 -200 94 
115 170 276 -130 
-406 -602 -980 461 

618 10 -228 -249 
-844 -12 311 340 
1187 18 -436 -478 
-4186 -63 1540 1686 

12 19 14 -10 
-56 -98 -69 50 
128 222 154 -113 
-371 -644 -448 328 

488 12 -175 -196 
-1498 -35 540 602 
3579 82 -1288 -1438 
-10346 -238 3724 4157 

-6282 -402 1916 2487 
-1384 -88 423 548 
-1733 -110 528 686 
-17626 -1127 5376 6978 

-220 -402 -275 202 
-47 -88 -60 44 
-60 -110 -74 55 
-616 -1127 -770 566 

-4602 -101 1664 1850 
-838 -18 304 337 
-1229 -26 444 494 
-12796 -280 4627 5144 

88 -101 -282 118 
16 -18 -53 22 
24 -26 -74 31 
245 -280 -784 328 

-2112 -224 537 828 
-390 -42 100 153 
-658 -69 168 258 
-5943 -630 1512 2330 

-369 -224 -324 204 
-68 -42 -61 38 
-112 -69 -98 62 
-1036 -630 -910 573 

-1762 -196 621 710 
-243 -28 86 98 
-434 -48 154 175 
-4844 -539 1708 1952 

-173 -196 -366 170 
-26 -28 -54 25 
-42 -48 -91 42 
-476 -539 -1008 468 

-7010 -660 2362 2807 
-2642 -248 891 1058 
-2133 -200 718 854 
-20608 -1939 6944 8252 

-458 -660 -963 474 
-171 -248 -362 178 
-138 -200 -290 143 
-1344 -1939 -2828 1392 

-4900 -72 1720 1963 
-1827 -26 642 732 
-1478 -21 518 592 
-14378 -210 5047 5760 

-368 -556 -912 427 
-130 -198 -325 152 
-117 -178 -290 136 
-1078 -1631 -2674 1252 

-3776 -53 1398 1522 
-1332 -18 494 537 
-1201 -16 444 484 
-11060 -154 4095 4458 

-3682 -240 1125 1458 
-1596 -103 488 632 
-2157 -140 658 854 
-12054 -784 3682 4773 

-133 -240 -170 122 
-56 -103 -72 52 
-78 -140 -98 71 
-434 -784 -553 398 

-3052 -72 1104 1227 
-1134 -26 411 456 
-1821 -42 658 732 
-9870 -231 3570 3968 

56 -72 -191 80 
21 -26 -72 30 
34 -42 -112 47 
182 -231 -616 258 

-998 -108 250 391 
-403 -44 102 158 
-684 -73 172 268 
-3374 -364 847 1322 

-186 -108 -163 102 
-74 -44 -66 41 
-124 -73 -108 68 
-623 -364 -546 342 

-2628 -172 824 1043 
-1038 -67 326 412 
-1754 -114 549 696 
-8799 -574 2758 3492 

-80 -172 -135 88 
-30 -67 -52 34 
-53 -114 -88 58 
-266 -574 -448 293 

-9238 -868 2406 3623 
-12234 -1148 3187 4798 
5747 540 -1498 -2254 
-43316 -4067 11284 16988 

-1286 -868 -1059 710 
-1699 -1148 -1398 938 
798 540 658 -441 
-6020 -4067 -4956 3324 

-528 -1116 -719 540 
-698 -1474 -948 713 
326 691 444 -334 
-2471 -5222 -3360 2526 

-5745 -532 2000 2308 
-7712 -714 2683 3098 
3500 323 -1218 -1406 
-27076 -2506 9422 10877 

-348 -532 -856 403 
-467 -714 -1146 540 
210 323 518 -244 
-1638 -2506 -4025 1896 

-14668 -948 4580 5819 
-22818 -1474 7123 9052 
10819 698 -3378 -4292 
-77266 -4991 24122 30652 

-444 -948 -719 480 
-691 -1474 -1116 746 
326 698 528 -353 
-2338 -4991 -3780 2526 

-6417 -700 2252 2584 
-9896 -1078 3474 3985 
4564 498 -1603 -1838 
-33460 -3647 11746 13474 

-600 -700 -1276 595 
-922 -1078 -1965 916 
427 498 910 -424 
-3122 -3647 -6650 3100 

-6044 -576 2033 2420 
-8627 -822 2900 3454 
4818 458 -1620 -1929 
-30646 -2919 10304 12270 

-4389 -72 1538 1758 
-6272 -103 2196 2512 
3478 56 -1218 -1393 
-22246 -364 7791 8910 

98 -72 -170 79 
140 -103 -240 112 
-78 56 133 -62 
497 -364 -854 398 

-5730 -542 2000 2303 
-8460 -800 2951 3400 
4643 438 -1620 -1866 
-29694 -2807 10360 11934 

-368 -542 -891 418 
-543 -800 -1312 616 
296 438 718 -337 
-1904 -2807 -4606 2162 

-3790 -60 1398 1527 
-5595 -88 2062 2254 
3048 47 -1124 -1228 
-19614 -308 7231 7902 

-154 -261 -184 134 
-294 -502 -352 257 
139 238 168 -122 
-952 -1624 -1141 832 

-4844 -114 1741 1946 
-8911 -208 3204 3580 
4164 98 -1498 -1673 
-29008 -679 10430 11654 

-24042 -9221 10622 10528 
-3846 -1474 1699 1684 
15832 6072 -6996 -6933 
-76839 -29470 33950 33648 

-6417 -4700 3308 3256 
-1124 -822 579 570 
4308 3155 -2222 -2186 
-20664 -15134 10654 10485 

-3701 -592 3342 1898 
-648 -103 584 332 
2482 396 -2242 -1273 
-11914 -1904 10759 6110 

-6424 -2580 2600 2795 
-1250 -502 507 544 
4155 1670 -1682 -1808 
-20510 -8239 8302 8924 

-7089 -5792 3812 3748 
-1348 -1102 726 713 
4588 3750 -2467 -2426 
-22624 -18487 12166 11962 

-21602 -8533 9024 9418 
-2028 -800 847 884 
14810 5850 -6188 -6457 
-69503 -27454 29036 30302 

-11414 -5112 997 4742 
-1088 -487 96 452 
7803 3496 -682 -3242 
-36694 -16436 3206 15245 

-17934 -7517 8372 8002 
-1706 -714 796 761 
12259 5138 -5724 -5470 
-57652 -24164 26915 25724 

-15372 -12714 8461 8190 
-1624 -1342 894 865 
10604 8771 -5838 -5650 
-49595 -41020 27300 26424 

-9272 -2361 9664 5140 
-978 -248 1019 542 
6394 1628 -6666 -3545 
-29911 -7616 31178 16582 

-8932 -3974 642 3703 
-960 -427 70 398 
6160 2742 -443 -2554 
-28819 -12824 2072 11948 

-14530 -6240 6773 6502 
-1558 -668 726 697 
10020 4303 -4672 -4484 
-46879 -20132 21854 20978 

-4477 -3572 2754 2402 
-612 -487 376 328 
3610 2880 -2222 -1937 
-15302 -12208 9415 8210 

-17556 -7433 8092 7828 
-2714 -1148 1251 1210 
14086 5964 -6494 -6281 
-59983 -25396 27650 26746 

-718 -1312 -891 658 
-438 -800 -542 401 
296 543 368 -272 
-2359 -4312 -2926 2162 

-15026 -325 5430 6040 
-9195 -198 3322 3696 
6050 130 -2187 -2432 
-49280 -1064 17808 19809 

290 -325 -912 382 
178 -198 -556 233 
-117 130 368 -154 
952 -1064 -2989 1252 

-7402 -780 1885 2902 
-4632 -487 1180 1816 
3035 320 -774 -1190 
-24458 -2576 6230 9589 

-1277 -780 -1118 706 
-796 -487 -696 440 
522 320 458 -289 
-4214 -2576 -3689 2330 

290 -362 -963 404 
200 -248 -660 277 
-138 171 458 -192 
1001 -1246 -3318 1392 

-5684 -608 1428 2227 
-4002 -427 1006 1568 
2746 294 -691 -1076 
-19775 -2114 4970 7748 

-444 -954 -739 486 
-311 -668 -516 340 
212 458 354 -233 
-1540 -3311 -2562 1686 

-11462 -1074 2984 4495 
-7971 -746 2076 3126 
13346 1251 -3476 -5234 
-51100 -4788 13307 20040 

-1592 -1074 -1307 878 
-1104 -746 -906 609 
1852 1251 1522 -1022 
-7091 -4788 -5824 3912 

-7493 -696 2606 3010 
-5248 -487 1824 2108 
8586 796 -2986 -3449 
-33194 -3080 11543 13334 

-658 -1398 -1059 708 
-540 -1148 -868 581 
798 1699 1286 -860 
-3087 -6566 -4970 3324 

-9621 -1046 3376 3874 
-7768 -844 2727 3128 
11498 1251 -4036 -4630 
-44674 -4858 15680 17989 

-892 -1046 -1902 887 
-719 -844 -1536 716 
1068 1251 2278 -1062 
-4144 -4858 -8841 4122 

-4869 -82 1704 1950 
-3958 -66 1384 1585 
6512 108 -2279 -2608 
-23926 -399 8372 9582 

108 -82 -186 87 
88 -66 -149 70 
-145 108 248 -116 
532 -399 -910 426 

-6706 -636 2338 2695 
-5619 -532 1958 2258 
8948 847 -3120 -3596 
-33110 -3136 11543 13306 

-434 -636 -1043 490 
-362 -532 -870 409 
576 847 1388 -652 
-2135 -3136 -5138 2414 

1451 584 -606 -634 
-256 -103 108 112 
1614 648 -674 -705 
-5782 -2324 2415 2526 

843 376 -74 -350 
-1088 -487 96 452 
1370 612 -122 -569 
-5138 -2296 455 2134 

-1509 -1206 928 810 
-642 -514 396 345 
-872 -696 537 468 
-4914 -3927 3024 2638 

-5149 -2298 452 2138 
-7362 -3286 648 3057 
4084 1824 -359 -1696 
-26110 -11655 2296 10842 

-35880 -592 12568 14371 
-6272 -103 2196 2512 
24068 396 -8431 -9640 
-115507 -1904 40460 46264 

-38444 -3572 13368 15443 
-5248 -487 1824 2108 
31008 2880 -10783 -12456 
-131411 -12208 45696 52788 

-12962 -1206 4508 5207 
-5526 -514 1923 2220 
-7493 -696 2606 3010 
-42224 -3927 14686 16962 

